# Replicate 0 - Input 1
0 533667.687500 11.499984 90.000000 10.000000 0.000000 0.000000 0.000000 0.000000
1 533657.375000 19.940733 82.908997 19.000000 0.000000 0.000000 0.000000 0.000000
2 533647.875000 26.164677 77.928253 27.290901 0.000000 0.000000 0.000000 0.000000
3 533638.875000 30.782516 74.478767 35.083725 0.000000 0.000000 0.000000 0.000000
4 533630.250000 34.236973 72.140793 42.531605 0.000000 0.000000 0.000000 0.000000
5 533622.000000 36.849003 70.610046 49.745682 0.000000 0.000000 0.000000 0.000000
6 533613.875000 38.851284 69.665977 56.806686 0.000000 0.000000 0.000000 0.000000
7 533605.875000 40.412502 69.148689 63.773285 0.000000 0.000000 0.000000 0.000000
8 533597.937500 41.654945 68.942299 70.688156 0.000000 0.000000 0.000000 0.000000
9 533590.000000 42.667290 68.962791 77.582382 0.000000 0.000000 0.000000 0.000000
10 533582.062500 43.513817 69.149277 84.478661 0.000000 0.000000 0.000000 0.000000
11 533574.125000 44.241135 69.457649 91.393593 0.000000 0.000000 0.000000 0.000000
12 533566.125000 44.883049 69.855911 98.339355 0.000000 0.000000 0.000000 0.000000
13 533558.062500 45.464069 70.320908 105.324936 0.000000 0.000000 0.000000 0.000000
14 533550.000000 46.001968 70.835846 112.357033 0.000000 0.000000 0.000000 0.000000
15 533541.875000 46.509651 71.388588 119.440620 0.000000 0.000000 0.000000 0.000000
16 533533.687500 46.996471 71.970337 126.579475 0.000000 0.000000 0.000000 0.000000
17 533525.437500 47.469231 72.574715 133.776505 0.000000 0.000000 0.000000 0.000000
18 533517.062500 47.932854 73.197136 141.033981 0.000000 0.000000 0.000000 0.000000
19 533508.625000 48.390930 73.834274 148.353683 0.000000 0.000000 0.000000 0.000000
20 533500.187500 48.846073 74.483742 155.737122 0.000000 0.000000 0.000000 0.000000
21 533491.625000 49.300179 75.143814 163.185486 0.000000 0.000000 0.000000 0.000000
22 533483.000000 49.754635 75.813263 170.699875 0.000000 0.000000 0.000000 0.000000
23 533474.250000 50.210464 76.491203 178.281189 0.000000 0.000000 0.000000 0.000000
24 533465.500000 50.668404 77.177017 185.930313 0.000000 0.000000 0.000000 0.000000
25 533456.625000 51.128998 77.870270 193.648010 0.000000 0.000000 0.000000 0.000000
26 533447.687500 51.592667 78.570663 201.435043 0.000000 0.000000 0.000000 0.000000
27 533438.625000 52.059719 79.277969 209.292099 0.000000 0.000000 0.000000 0.000000
28 533429.500000 52.530380 79.992088 217.219910 0.000000 0.000000 0.000000 0.000000
29 533420.312500 53.004822 80.712929 225.219116 0.000000 0.000000 0.000000 0.000000
30 533411.062500 53.483196 81.440430 233.290405 0.000000 0.000000 0.000000 0.000000
31 533401.687500 53.965603 82.174599 241.434448 0.000000 0.000000 0.000000 0.000000
32 533392.312500 54.452141 82.915428 249.651917 0.000000 0.000000 0.000000 0.000000
33 533382.750000 54.942883 83.662941 257.943451 0.000000 0.000000 0.000000 0.000000
34 533373.125000 55.437885 84.417160 266.309753 0.000000 0.000000 0.000000 0.000000
35 533363.375000 55.937222 85.178131 274.751465 0.000000 0.000000 0.000000 0.000000
36 533353.625000 56.440933 85.945900 283.269257 0.000000 0.000000 0.000000 0.000000
37 533343.750000 56.949074 86.720505 291.863892 0.000000 0.000000 0.000000 0.000000
38 533333.812500 57.461685 87.501999 300.535950 0.000000 0.000000 0.000000 0.000000
39 533323.750000 57.978813 88.290436 309.286133 0.000000 0.000000 0.000000 0.000000
40 533313.562500 58.500511 89.085876 318.115173 0.000000 0.000000 0.000000 0.000000
41 533303.312500 59.026806 89.888374 327.023773 0.000000 0.000000 0.000000 0.000000
42 533293.000000 59.557739 90.697983 336.012573 0.000000 0.000000 0.000000 0.000000
43 533282.625000 60.093361 91.514771 345.082397 0.000000 0.000000 0.000000 0.000000
44 533272.062500 60.633705 92.338791 354.233887 0.000000 0.000000 0.000000 0.000000
45 533261.500000 61.178822 93.170105 363.467743 0.000000 0.000000 0.000000 0.000000
46 533250.750000 61.728741 94.008781 372.784729 0.000000 0.000000 0.000000 0.000000
47 533240.000000 62.283512 94.854874 382.185638 0.000000 0.000000 0.000000 0.000000
48 533229.125000 62.843166 95.708450 391.671112 0.000000 0.000000 0.000000 0.000000
49 533218.062500 63.407761 96.569572 401.241943 0.000000 0.000000 0.000000 0.000000
50 533207.000000 63.977325 97.438293 410.898865 0.000000 0.000000 0.000000 0.000000
51 533195.812500 64.551910 98.314705 420.642700 0.000000 0.000000 0.000000 0.000000
52 533184.500000 65.131546 99.198853 430.474213 0.000000 0.000000 0.000000 0.000000
53 533173.062500 65.716286 100.090805 440.394073 0.000000 0.000000 0.000000 0.000000
54 533161.562500 66.306168 100.990631 450.403137 0.000000 0.000000 0.000000 0.000000
55 533150.000000 66.901245 101.898392 460.502197 0.000000 0.000000 0.000000 0.000000
56 533138.312500 67.501541 102.814156 470.692078 0.000000 0.000000 0.000000 0.000000
57 533126.500000 68.107124 103.737991 480.973450 0.000000 0.000000 0.000000 0.000000
58 533114.562500 68.718018 104.669983 491.347290 0.000000 0.000000 0.000000 0.000000
59 533102.562500 69.334274 105.610168 501.814270 0.000000 0.000000 0.000000 0.000000
60 533090.375000 69.955948 106.558640 512.375305 0.000000 0.000000 0.000000 0.000000
61 533078.125000 70.583069 107.515457 523.031189 0.000000 0.000000 0.000000 0.000000
62 533065.812500 71.215691 108.480713 533.782715 0.000000 0.000000 0.000000 0.000000
63 533053.312500 71.853867 109.454437 544.630798 0.000000 0.000000 0.000000 0.000000
64 533040.750000 72.497635 110.436737 555.576233 0.000000 0.000000 0.000000 0.000000
65 533028.125000 73.147034 111.427666 566.619873 0.000000 0.000000 0.000000 0.000000
66 533015.250000 73.802124 112.427307 577.762695 0.000000 0.000000 0.000000 0.000000
67 533002.312500 74.462944 113.435730 589.005371 0.000000 0.000000 0.000000 0.000000
68 532989.312500 75.129539 114.453003 600.348938 0.000000 0.000000 0.000000 0.000000
69 532976.250000 75.801971 115.479202 611.794250 0.000000 0.000000 0.000000 0.000000
70 532963.000000 76.480286 116.514420 623.342163 0.000000 0.000000 0.000000 0.000000
71 532949.562500 77.164520 117.558693 634.993591 0.000000 0.000000 0.000000 0.000000
72 532936.125000 77.854736 118.612129 646.749451 0.000000 0.000000 0.000000 0.000000
73 532922.437500 78.550980 119.674805 658.610657 0.000000 0.000000 0.000000 0.000000
74 532908.750000 79.253288 120.746788 670.578186 0.000000 0.000000 0.000000 0.000000
75 532894.875000 79.961739 121.828156 682.652832 0.000000 0.000000 0.000000 0.000000
76 532880.875000 80.676353 122.918976 694.835693 0.000000 0.000000 0.000000 0.000000
77 532866.750000 81.397194 124.019348 707.127625 0.000000 0.000000 0.000000 0.000000
78 532852.500000 82.124321 125.129364 719.529480 0.000000 0.000000 0.000000 0.000000
79 532838.125000 82.857773 126.249054 732.042419 0.000000 0.000000 0.000000 0.000000
80 532823.625000 83.597610 127.378540 744.667358 0.000000 0.000000 0.000000 0.000000
81 532809.000000 84.343880 128.517883 757.405151 0.000000 0.000000 0.000000 0.000000
82 532794.312500 85.096634 129.667175 770.256958 0.000000 0.000000 0.000000 0.000000
83 532779.375000 85.855942 130.826508 783.223694 0.000000 0.000000 0.000000 0.000000
84 532764.375000 86.621841 131.995941 796.306396 0.000000 0.000000 0.000000 0.000000
85 532749.250000 87.394386 133.175568 809.506042 0.000000 0.000000 0.000000 0.000000
86 532733.937500 88.173630 134.365479 822.823486 0.000000 0.000000 0.000000 0.000000
87 532718.500000 88.959641 135.565750 836.260071 0.000000 0.000000 0.000000 0.000000
88 532702.937500 89.752464 136.776474 849.816650 0.000000 0.000000 0.000000 0.000000
89 532687.250000 90.552147 137.997742 863.494324 0.000000 0.000000 0.000000 0.000000
90 532671.437500 91.358765 139.229614 877.294067 0.000000 0.000000 0.000000 0.000000
91 532655.500000 92.172356 140.472214 891.217041 0.000000 0.000000 0.000000 0.000000
92 532639.375000 92.992989 141.725601 905.264282 0.000000 0.000000 0.000000 0.000000
93 532623.062500 93.820717 142.989883 919.436890 0.000000 0.000000 0.000000 0.000000
94 532606.687500 94.655594 144.265137 933.735779 0.000000 0.000000 0.000000 0.000000
95 532590.125000 95.497696 145.551453 948.162354 0.000000 0.000000 0.000000 0.000000
96 532573.437500 96.347054 146.848923 962.717407 0.000000 0.000000 0.000000 0.000000
97 532556.625000 97.203743 148.157654 977.402344 0.000000 0.000000 0.000000 0.000000
98 532539.562500 98.067825 149.477692 992.218140 0.000000 0.000000 0.000000 0.000000
99 532522.437500 98.939339 150.809174 1007.165894 0.000000 0.000000 0.000000 0.000000
100 532505.125000 99.818359 152.152191 1022.246826 0.000000 0.000000 0.000000 0.000000
101 532487.687500 100.704956 153.506821 1037.462036 0.000000 0.000000 0.000000 0.000000
102 532470.062500 101.599167 154.873154 1052.812744 0.000000 0.000000 0.000000 0.000000
103 532452.312500 102.501076 156.251312 1068.300049 0.000000 0.000000 0.000000 0.000000
104 532434.375000 103.410736 157.641357 1083.925171 0.000000 0.000000 0.000000 0.000000
105 532416.250000 104.328209 159.043396 1099.689331 0.000000 0.000000 0.000000 0.000000
106 532398.062500 105.253540 160.457550 1115.593628 0.000000 0.000000 0.000000 0.000000
107 532379.625000 106.186813 161.883881 1131.639404 0.000000 0.000000 0.000000 0.000000
108 532361.062500 107.128105 163.322495 1147.827759 0.000000 0.000000 0.000000 0.000000
109 532342.375000 108.077438 164.773514 1164.160034 0.000000 0.000000 0.000000 0.000000
110 532323.437500 109.034912 166.237015 1180.637451 0.000000 0.000000 0.000000 0.000000
111 532304.437500 110.000572 167.713120 1197.261108 0.000000 0.000000 0.000000 0.000000
112 532285.187500 110.974480 169.201904 1214.032471 0.000000 0.000000 0.000000 0.000000
113 532265.750000 111.956726 170.703461 1230.952637 0.000000 0.000000 0.000000 0.000000
114 532246.187500 112.947357 172.217926 1248.022949 0.000000 0.000000 0.000000 0.000000
115 532226.437500 113.946426 173.745392 1265.244751 0.000000 0.000000 0.000000 0.000000
116 532206.500000 114.954025 175.285965 1282.619263 0.000000 0.000000 0.000000 0.000000
117 532186.375000 115.970215 176.839737 1300.147949 0.000000 0.000000 0.000000 0.000000
118 532166.125000 116.995056 178.406815 1317.831787 0.000000 0.000000 0.000000 0.000000
119 532145.687500 118.028625 179.987320 1335.672607 0.000000 0.000000 0.000000 0.000000
120 532125.000000 119.070976 181.581345 1353.671265 0.000000 0.000000 0.000000 0.000000
121 532104.187500 120.122185 183.188995 1371.829346 0.000000 0.000000 0.000000 0.000000
122 532083.187500 121.182320 184.810364 1390.148315 0.000000 0.000000 0.000000 0.000000
123 532062.000000 122.251450 186.445602 1408.629272 0.000000 0.000000 0.000000 0.000000
124 532040.625000 123.329666 188.094788 1427.274048 0.000000 0.000000 0.000000 0.000000
125 532019.062500 124.417015 189.758026 1446.083496 0.000000 0.000000 0.000000 0.000000
126 531997.312500 125.513565 191.435455 1465.059204 0.000000 0.000000 0.000000 0.000000
127 531975.437500 126.619392 193.127151 1484.202759 0.000000 0.000000 0.000000 0.000000
128 531953.250000 127.734573 194.833267 1503.515381 0.000000 0.000000 0.000000 0.000000
129 531930.937500 128.859192 196.553864 1522.998779 0.000000 0.000000 0.000000 0.000000
130 531908.375000 129.993286 198.289108 1542.654175 0.000000 0.000000 0.000000 0.000000
131 531885.687500 131.136948 200.039093 1562.482910 0.000000 0.000000 0.000000 0.000000
132 531862.750000 132.290268 201.803909 1582.486938 0.000000 0.000000 0.000000 0.000000
133 531839.625000 133.453293 203.583710 1602.667236 0.000000 0.000000 0.000000 0.000000
134 531816.375000 134.626099 205.378586 1623.025635 0.000000 0.000000 0.000000 0.000000
135 531792.750000 135.808792 207.188644 1643.563477 0.000000 0.000000 0.000000 0.000000
136 531769.062500 137.001404 209.014038 1664.282349 0.000000 0.000000 0.000000 0.000000
137 531745.125000 138.204041 210.854874 1685.183838 0.000000 0.000000 0.000000 0.000000
138 531721.000000 139.416763 212.711243 1706.269287 0.000000 0.000000 0.000000 0.000000
139 531696.625000 140.639648 214.583298 1727.540527 0.000000 0.000000 0.000000 0.000000
140 531672.062500 141.872787 216.471161 1748.998657 0.000000 0.000000 0.000000 0.000000
141 531647.250000 143.116241 218.374924 1770.645752 0.000000 0.000000 0.000000 0.000000
142 531622.250000 144.370087 220.294724 1792.483398 0.000000 0.000000 0.000000 0.000000
143 531597.000000 145.634430 222.230682 1814.512817 0.000000 0.000000 0.000000 0.000000
144 531571.562500 146.909302 224.182922 1836.735840 0.000000 0.000000 0.000000 0.000000
145 531545.937500 148.194824 226.151566 1859.154175 0.000000 0.000000 0.000000 0.000000
146 531520.000000 149.491058 228.136765 1881.769287 0.000000 0.000000 0.000000 0.000000
147 531493.875000 150.798065 230.138611 1904.583008 0.000000 0.000000 0.000000 0.000000
148 531467.500000 152.115967 232.157211 1927.596802 0.000000 0.000000 0.000000 0.000000
149 531440.937500 153.444809 234.192749 1950.812500 0.000000 0.000000 0.000000 0.000000
150 531414.125000 154.784683 236.245300 1974.231812 0.000000 0.000000 0.000000 0.000000
151 531387.062500 156.135666 238.315033 1997.856445 0.000000 0.000000 0.000000 0.000000
152 531359.750000 157.497864 240.402039 2021.687744 0.000000 0.000000 0.000000 0.000000
153 531332.250000 158.871307 242.506500 2045.728027 0.000000 0.000000 0.000000 0.000000
154 531304.500000 160.256149 244.628464 2069.978760 0.000000 0.000000 0.000000 0.000000
155 531276.500000 161.652420 246.768127 2094.441406 0.000000 0.000000 0.000000 0.000000
156 531248.250000 163.060211 248.925629 2119.118164 0.000000 0.000000 0.000000 0.000000
157 531219.750000 164.479614 251.101044 2144.010742 0.000000 0.000000 0.000000 0.000000
158 531191.000000 165.910706 253.294586 2169.121094 0.000000 0.000000 0.000000 0.000000
159 531162.000000 167.353592 255.506287 2194.450439 0.000000 0.000000 0.000000 0.000000
160 531132.750000 168.808350 257.736359 2220.001221 0.000000 0.000000 0.000000 0.000000
161 531103.312500 170.275040 259.984924 2245.774658 0.000000 0.000000 0.000000 0.000000
162 531073.562500 171.753784 262.252075 2271.773193 0.000000 0.000000 0.000000 0.000000
163 531043.500000 173.244629 264.537964 2297.998535 0.000000 0.000000 0.000000 0.000000
164 531013.312500 174.747681 266.842804 2324.452148 0.000000 0.000000 0.000000 0.000000
165 530982.750000 176.263046 269.166626 2351.136230 0.000000 0.000000 0.000000 0.000000
166 530952.000000 177.790787 271.509644 2378.053223 0.000000 0.000000 0.000000 0.000000
167 530920.937500 179.330978 273.871948 2405.204102 0.000000 0.000000 0.000000 0.000000
168 530889.625000 180.883728 276.253693 2432.591309 0.000000 0.000000 0.000000 0.000000
169 530858.062500 182.449158 278.655029 2460.216797 0.000000 0.000000 0.000000 0.000000
170 530826.187500 184.027298 281.076050 2488.082275 0.000000 0.000000 0.000000 0.000000
171 530794.000000 185.618286 283.516968 2516.189941 0.000000 0.000000 0.000000 0.000000
172 530761.625000 187.222137 285.977936 2544.541504 0.000000 0.000000 0.000000 0.000000
173 530728.937500 188.839035 288.459015 2573.139404 0.000000 0.000000 0.000000 0.000000
174 530695.937500 190.468994 290.960388 2601.985107 0.000000 0.000000 0.000000 0.000000
175 530662.750000 192.112152 293.482178 2631.081299 0.000000 0.000000 0.000000 0.000000
176 530629.187500 193.768600 296.024597 2660.429199 0.000000 0.000000 0.000000 0.000000
177 530595.312500 195.438400 298.587738 2690.031982 0.000000 0.000000 0.000000 0.000000
178 530561.250000 197.121643 301.171722 2719.890625 0.000000 0.000000 0.000000 0.000000
179 530526.812500 198.818451 303.776733 2750.007812 0.000000 0.000000 0.000000 0.000000
180 530492.062500 200.528885 306.402954 2780.385498 0.000000 0.000000 0.000000 0.000000
181 530457.000000 202.253052 309.050446 2811.025635 0.000000 0.000000 0.000000 0.000000
182 530421.687500 203.991074 311.719391 2841.930664 0.000000 0.000000 0.000000 0.000000
183 530386.125000 205.742996 314.409973 2873.102783 0.000000 0.000000 0.000000 0.000000
184 530350.187500 207.508926 317.122284 2904.543701 0.000000 0.000000 0.000000 0.000000
185 530314.000000 209.288956 319.856567 2936.255859 0.000000 0.000000 0.000000 0.000000
186 530277.375000 211.083206 322.612854 2968.241699 0.000000 0.000000 0.000000 0.000000
187 530240.562500 212.891724 325.391357 3000.502930 0.000000 0.000000 0.000000 0.000000
188 530203.375000 214.714661 328.192261 3033.042236 0.000000 0.000000 0.000000 0.000000
189 530165.875000 216.552048 331.015686 3065.861328 0.000000 0.000000 0.000000 0.000000
190 530128.125000 218.404022 333.861725 3098.962891 0.000000 0.000000 0.000000 0.000000
191 530089.937500 220.270691 336.730621 3132.349121 0.000000 0.000000 0.000000 0.000000
192 530051.500000 222.152115 339.622498 3166.022217 0.000000 0.000000 0.000000 0.000000
193 530012.750000 224.048401 342.537506 3199.984375 0.000000 0.000000 0.000000 0.000000
194 529973.625000 225.959656 345.475800 3234.238281 0.000000 0.000000 0.000000 0.000000
195 529934.187500 227.885956 348.437500 3268.785645 0.000000 0.000000 0.000000 0.000000
196 529894.437500 229.827393 351.422791 3303.629395 0.000000 0.000000 0.000000 0.000000
197 529854.312500 231.784119 354.431885 3338.771729 0.000000 0.000000 0.000000 0.000000
198 529813.875000 233.756195 357.464844 3374.215088 0.000000 0.000000 0.000000 0.000000
199 529773.062500 235.743668 360.521912 3409.961426 0.000000 0.000000 0.000000 0.000000
200 529731.937500 237.746735 363.603149 3446.013672 0.000000 0.000000 0.000000 0.000000
201 529690.437500 239.765442 366.708801 3482.374023 0.000000 0.000000 0.000000 0.000000
202 529648.625000 241.799850 369.838989 3519.044922 0.000000 0.000000 0.000000 0.000000
203 529606.437500 243.850113 372.993835 3556.028564 0.000000 0.000000 0.000000 0.000000
204 529563.875000 245.916275 376.173584 3593.328125 0.000000 0.000000 0.000000 0.000000
205 529520.937500 247.998520 379.378326 3630.945312 0.000000 0.000000 0.000000 0.000000
206 529477.750000 250.096863 382.608246 3668.883301 0.000000 0.000000 0.000000 0.000000
207 529434.062500 252.211426 385.863525 3707.144043 0.000000 0.000000 0.000000 0.000000
208 529390.062500 254.342331 389.144257 3745.730713 0.000000 0.000000 0.000000 0.000000
209 529345.687500 256.489655 392.450653 3784.645020 0.000000 0.000000 0.000000 0.000000
210 529301.000000 258.653534 395.782867 3823.890137 0.000000 0.000000 0.000000 0.000000
211 529255.875000 260.833984 399.141052 3863.468506 0.000000 0.000000 0.000000 0.000000
212 529210.375000 263.031219 402.525391 3903.382568 0.000000 0.000000 0.000000 0.000000
213 529164.500000 265.245209 405.936035 3943.635010 0.000000 0.000000 0.000000 0.000000
214 529118.187500 267.476135 409.373108 3984.228516 0.000000 0.000000 0.000000 0.000000
215 529071.562500 269.724091 412.836853 4025.166016 0.000000 0.000000 0.000000 0.000000
216 529024.500000 271.989166 416.327393 4066.449463 0.000000 0.000000 0.000000 0.000000
217 528977.062500 274.271454 419.844849 4108.082031 0.000000 0.000000 0.000000 0.000000
218 528929.250000 276.571075 423.389404 4150.066895 0.000000 0.000000 0.000000 0.000000
219 528881.000000 278.888092 426.961243 4192.405762 0.000000 0.000000 0.000000 0.000000
220 528832.375000 281.222595 430.560547 4235.102051 0.000000 0.000000 0.000000 0.000000
221 528783.375000 283.574738 434.187439 4278.158203 0.000000 0.000000 0.000000 0.000000
222 528733.875000 285.944580 437.842102 4321.576660 0.000000 0.000000 0.000000 0.000000
223 528684.062500 288.332245 441.524689 4365.360840 0.000000 0.000000 0.000000 0.000000
224 528633.812500 290.737793 445.235382 4409.513184 0.000000 0.000000 0.000000 0.000000
225 528583.125000 293.161407 448.974335 4454.037109 0.000000 0.000000 0.000000 0.000000
226 528532.000000 295.603088 452.741699 4498.934570 0.000000 0.000000 0.000000 0.000000
227 528480.500000 298.062988 456.537628 4544.208496 0.000000 0.000000 0.000000 0.000000
228 528428.500000 300.541168 460.362335 4589.862305 0.000000 0.000000 0.000000 0.000000
229 528376.187500 303.037781 464.215942 4635.898926 0.000000 0.000000 0.000000 0.000000
230 528323.375000 305.552887 468.098602 4682.320312 0.000000 0.000000 0.000000 0.000000
231 528270.125000 308.086578 472.010498 4729.129883 0.000000 0.000000 0.000000 0.000000
232 528216.375000 310.638947 475.951843 4776.331055 0.000000 0.000000 0.000000 0.000000
233 528162.250000 313.210114 479.922729 4823.926270 0.000000 0.000000 0.000000 0.000000
234 528107.687500 315.800171 483.923340 4871.918457 0.000000 0.000000 0.000000 0.000000
235 528052.625000 318.409210 487.953827 4920.311035 0.000000 0.000000 0.000000 0.000000
236 527997.125000 321.037354 492.014343 4969.106445 0.000000 0.000000 0.000000 0.000000
237 527941.187500 323.684692 496.105133 5018.307617 0.000000 0.000000 0.000000 0.000000
238 527884.812500 326.351257 500.226318 5067.917969 0.000000 0.000000 0.000000 0.000000
239 527827.937500 329.037201 504.377960 5117.941406 0.000000 0.000000 0.000000 0.000000
240 527770.625000 331.742615 508.560303 5168.378906 0.000000 0.000000 0.000000 0.000000
241 527712.812500 334.467560 512.773560 5219.234863 0.000000 0.000000 0.000000 0.000000
242 527654.625000 337.212219 517.017822 5270.511719 0.000000 0.000000 0.000000 0.000000
243 527595.812500 339.976593 521.293274 5322.213867 0.000000 0.000000 0.000000 0.000000
244 527536.625000 342.760803 525.600098 5374.343262 0.000000 0.000000 0.000000 0.000000
245 527476.875000 345.565002 529.938354 5426.903320 0.000000 0.000000 0.000000 0.000000
246 527416.750000 348.389160 534.308289 5479.896973 0.000000 0.000000 0.000000 0.000000
247 527356.062500 351.233459 538.710083 5533.328125 0.000000 0.000000 0.000000 0.000000
248 527294.875000 354.098022 543.143860 5587.199219 0.000000 0.000000 0.000000 0.000000
249 527233.250000 356.982849 547.609680 5641.513184 0.000000 0.000000 0.000000 0.000000
250 527171.062500 359.888062 552.107910 5696.273926 0.000000 0.000000 0.000000 0.000000
251 527108.375000 362.813782 556.638550 5751.485352 0.000000 0.000000 0.000000 0.000000
252 527045.187500 365.760040 561.201721 5807.148926 0.000000 0.000000 0.000000 0.000000
253 526981.500000 368.727020 565.797729 5863.268555 0.000000 0.000000 0.000000 0.000000
254 526917.375000 371.714691 570.426636 5919.849121 0.000000 0.000000 0.000000 0.000000
255 526852.625000 374.723206 575.088623 5976.891602 0.000000 0.000000 0.000000 0.000000
256 526787.375000 377.752686 579.783813 6034.399902 0.000000 0.000000 0.000000 0.000000
257 526721.625000 380.803162 584.512390 6092.378418 0.000000 0.000000 0.000000 0.000000
258 526655.375000 383.874756 589.274475 6150.830078 0.000000 0.000000 0.000000 0.000000
259 526588.562500 386.967529 594.070251 6209.757324 0.000000 0.000000 0.000000 0.000000
260 526521.125000 390.081543 598.899780 6269.164062 0.000000 0.000000 0.000000 0.000000
261 526453.312500 393.216888 603.763367 6329.054199 0.000000 0.000000 0.000000 0.000000
262 526384.812500 396.373718 608.661011 6389.430664 0.000000 0.000000 0.000000 0.000000
263 526315.812500 399.552032 613.592957 6450.296387 0.000000 0.000000 0.000000 0.000000
264 526246.312500 402.751923 618.559326 6511.656250 0.000000 0.000000 0.000000 0.000000
265 526176.250000 405.973511 623.560181 6573.512207 0.000000 0.000000 0.000000 0.000000
266 526105.625000 409.216858 628.595764 6635.868164 0.000000 0.000000 0.000000 0.000000
267 526034.437500 412.482025 633.666138 6698.728027 0.000000 0.000000 0.000000 0.000000
268 525962.687500 415.769104 638.771545 6762.093750 0.000000 0.000000 0.000000 0.000000
269 525890.375000 419.078156 643.912109 6825.971680 0.000000 0.000000 0.000000 0.000000
270 525817.500000 422.409271 649.087891 6890.362793 0.000000 0.000000 0.000000 0.000000
271 525744.000000 425.762543 654.299011 6955.271484 0.000000 0.000000 0.000000 0.000000
272 525669.937500 429.137970 659.545654 7020.701660 0.000000 0.000000 0.000000 0.000000
273 525595.375000 432.535675 664.828003 7086.656250 0.000000 0.000000 0.000000 0.000000
274 525520.125000 435.955750 670.146057 7153.139160 0.000000 0.000000 0.000000 0.000000
275 525444.312500 439.398224 675.500183 7220.153809 0.000000 0.000000 0.000000 0.000000
276 525367.875000 442.863190 680.890259 7287.703613 0.000000 0.000000 0.000000 0.000000
277 525290.875000 446.350677 686.316528 7355.792969 0.000000 0.000000 0.000000 0.000000
278 525213.312500 449.860779 691.779114 7424.424805 0.000000 0.000000 0.000000 0.000000
279 525135.062500 453.393585 697.278076 7493.602539 0.000000 0.000000 0.000000 0.000000
280 525056.250000 456.949097 702.813599 7563.330078 0.000000 0.000000 0.000000 0.000000
281 524976.812500 460.527405 708.385803 7633.611816 0.000000 0.000000 0.000000 0.000000
282 524896.812500 464.128571 713.994751 7704.450195 0.000000 0.000000 0.000000 0.000000
283 524816.125000 467.752655 719.640625 7775.849609 0.000000 0.000000 0.000000 0.000000
284 524734.875000 471.399719 725.323486 7847.813477 0.000000 0.000000 0.000000 0.000000
285 524652.875000 475.069794 731.043457 7920.345703 0.000000 0.000000 0.000000 0.000000
286 524570.375000 478.762939 736.800659 7993.450195 0.000000 0.000000 0.000000 0.000000
287 524487.187500 482.479187 742.595215 8067.129883 0.000000 0.000000 0.000000 0.000000
288 524403.375000 486.218628 748.427246 8141.389648 0.000000 0.000000 0.000000 0.000000
289 524318.875000 489.981323 754.296814 8216.232422 0.000000 0.000000 0.000000 0.000000
290 524233.750000 493.767242 760.204041 8291.662109 0.000000 0.000000 0.000000 0.000000
291 524147.937500 497.576477 766.148987 8367.682617 0.000000 0.000000 0.000000 0.000000
292 524061.562500 501.409119 772.131775 8444.297852 0.000000 0.000000 0.000000 0.000000
293 523974.437500 505.265137 778.152466 8521.510742 0.000000 0.000000 0.000000 0.000000
294 523886.718750 509.144592 784.211304 8599.326172 0.000000 0.000000 0.000000 0.000000
295 523798.312500 513.047485 790.308167 8677.747070 0.000000 0.000000 0.000000 0.000000
296 523709.187500 516.973999 796.443237 8756.778320 0.000000 0.000000 0.000000 0.000000
297 523619.406250 520.923950 802.616577 8836.421875 0.000000 0.000000 0.000000 0.000000
298 523528.968750 524.897461 808.828247 8916.683594 0.000000 0.000000 0.000000 0.000000
299 523437.843750 528.894653 815.078369 8997.566406 0.000000 0.000000 0.000000 0.000000
300 523346.000000 532.915405 821.367065 9079.075195 0.000000 0.000000 0.000000 0.000000
301 523253.531250 536.959839 827.694336 9161.210938 0.000000 0.000000 0.000000 0.000000
302 523160.312500 541.027954 834.060242 9243.980469 0.000000 0.000000 0.000000 0.000000
303 523066.406250 545.119812 840.464844 9327.386719 0.000000 0.000000 0.000000 0.000000
304 522971.812500 549.235352 846.908264 9411.433594 0.000000 0.000000 0.000000 0.000000
305 522876.500000 553.374634 853.390503 9496.124023 0.000000 0.000000 0.000000 0.000000
306 522780.437500 557.537598 859.911621 9581.462891 0.000000 0.000000 0.000000 0.000000
307 522683.718750 561.724304 866.471680 9667.454102 0.000000 0.000000 0.000000 0.000000
308 522586.250000 565.934814 873.070740 9754.101562 0.000000 0.000000 0.000000 0.000000
309 522488.093750 570.169128 879.708862 9841.409180 0.000000 0.000000 0.000000 0.000000
310 522389.156250 574.427124 886.385986 9929.378906 0.000000 0.000000 0.000000 0.000000
311 522289.531250 578.708923 893.102295 10018.017578 0.000000 0.000000 0.000000 0.000000
312 522189.156250 583.014526 899.857727 10107.328125 0.000000 0.000000 0.000000 0.000000
313 522088.062500 587.343872 906.652344 10197.313477 0.000000 0.000000 0.000000 0.000000
314 521986.187500 591.696960 913.486145 10287.978516 0.000000 0.000000 0.000000 0.000000
315 521883.593750 596.073792 920.359253 10379.328125 0.000000 0.000000 0.000000 0.000000
316 521780.250000 600.474365 927.271545 10471.363281 0.000000 0.000000 0.000000 0.000000
317 521676.156250 604.898682 934.223206 10564.090820 0.000000 0.000000 0.000000 0.000000
318 521571.312500 609.346619 941.213989 10657.512695 0.000000 0.000000 0.000000 0.000000
319 521465.687500 613.818359 948.244141 10751.633789 0.000000 0.000000 0.000000 0.000000
320 521359.312500 618.313599 955.313599 10846.458008 0.000000 0.000000 0.000000 0.000000
321 521252.125000 622.832581 962.422241 10941.990234 0.000000 0.000000 0.000000 0.000000
322 521144.187500 627.375122 969.570251 11038.232422 0.000000 0.000000 0.000000 0.000000
323 521035.500000 631.941223 976.757568 11135.188477 0.000000 0.000000 0.000000 0.000000
324 520926.000000 636.530823 983.984009 11232.864258 0.000000 0.000000 0.000000 0.000000
325 520815.687500 641.143921 991.249695 11331.262695 0.000000 0.000000 0.000000 0.000000
326 520704.656250 645.780518 998.554626 11430.387695 0.000000 0.000000 0.000000 0.000000
327 520592.781250 650.440369 1005.898743 11530.243164 0.000000 0.000000 0.000000 0.000000
328 520480.125000 655.123596 1013.281860 11630.833008 0.000000 0.000000 0.000000 0.000000
329 520366.656250 659.830139 1020.704224 11732.162109 0.000000 0.000000 0.000000 0.000000
330 520252.406250 664.559937 1028.165527 11834.231445 0.000000 0.000000 0.000000 0.000000
331 520137.375000 669.312927 1035.666016 11937.048828 0.000000 0.000000 0.000000 0.000000
332 520021.437500 674.088867 1043.205322 12040.615234 0.000000 0.000000 0.000000 0.000000
333 519904.750000 678.888000 1050.783569 12144.935547 0.000000 0.000000 0.000000 0.000000
334 519787.250000 683.710022 1058.400635 12250.013672 0.000000 0.000000 0.000000 0.000000
335 519668.875000 688.554932 1066.056396 12355.854492 0.000000 0.000000 0.000000 0.000000
336 519549.750000 693.422668 1073.750732 12462.459961 0.000000 0.000000 0.000000 0.000000
337 519429.750000 698.313171 1081.483887 12569.834961 0.000000 0.000000 0.000000 0.000000
338 519308.906250 703.226318 1089.255493 12677.983398 0.000000 0.000000 0.000000 0.000000
339 519187.218750 708.161926 1097.065430 12786.908203 0.000000 0.000000 0.000000 0.000000
340 519064.718750 713.119995 1104.913818 12896.615234 0.000000 0.000000 0.000000 0.000000
341 518941.375000 718.100464 1112.800415 13007.105469 0.000000 0.000000 0.000000 0.000000
342 518817.156250 723.103210 1120.724976 13118.386719 0.000000 0.000000 0.000000 0.000000
343 518692.125000 728.128113 1128.687622 13230.458984 0.000000 0.000000 0.000000 0.000000
344 518566.218750 733.175049 1136.688110 13343.328125 0.000000 0.000000 0.000000 0.000000
345 518439.437500 738.243896 1144.726318 13456.996094 0.000000 0.000000 0.000000 0.000000
346 518311.781250 743.334534 1152.802246 13571.469727 0.000000 0.000000 0.000000 0.000000
347 518183.281250 748.446777 1160.915527 13686.749023 0.000000 0.000000 0.000000 0.000000
348 518053.906250 753.580688 1169.066162 13802.840820 0.000000 0.000000 0.000000 0.000000
349 517923.625000 758.735962 1177.253906 13919.748047 0.000000 0.000000 0.000000 0.000000
350 517792.500000 763.912659 1185.478760 14037.473633 0.000000 0.000000 0.000000 0.000000
351 517660.531250 769.110352 1193.740356 14156.021484 0.000000 0.000000 0.000000 0.000000
352 517527.593750 774.329102 1202.038574 14275.394531 0.000000 0.000000 0.000000 0.000000
353 517393.843750 779.568665 1210.373291 14395.597656 0.000000 0.000000 0.000000 0.000000
354 517259.187500 784.828979 1218.744385 14516.635742 0.000000 0.000000 0.000000 0.000000
355 517123.562500 790.109802 1227.151611 14638.509766 0.000000 0.000000 0.000000 0.000000
356 516987.125000 795.411072 1235.594727 14761.224609 0.000000 0.000000 0.000000 0.000000
357 516849.781250 800.732483 1244.073364 14884.784180 0.000000 0.000000 0.000000 0.000000
358 516711.500000 806.073975 1252.587524 15009.191406 0.000000 0.000000 0.000000 0.000000
359 516572.312500 811.435242 1261.137207 15134.449219 0.000000 0.000000 0.000000 0.000000
360 516432.250000 816.816284 1269.721680 15260.564453 0.000000 0.000000 0.000000 0.000000
361 516291.281250 822.216797 1278.340942 15387.537109 0.000000 0.000000 0.000000 0.000000
362 516149.375000 827.636597 1286.994873 15515.370117 0.000000 0.000000 0.000000 0.000000
363 516006.531250 833.075500 1295.682983 15644.069336 0.000000 0.000000 0.000000 0.000000
364 515862.781250 838.533264 1304.405273 15773.637695 0.000000 0.000000 0.000000 0.000000
365 515718.125000 844.009827 1313.161377 15904.078125 0.000000 0.000000 0.000000 0.000000
366 515572.531250 849.504822 1321.950806 16035.394531 0.000000 0.000000 0.000000 0.000000
367 515426.000000 855.018127 1330.773560 16167.588867 0.000000 0.000000 0.000000 0.000000
368 515278.531250 860.549438 1339.629272 16300.665039 0.000000 0.000000 0.000000 0.000000
369 515130.125000 866.098633 1348.517456 16434.628906 0.000000 0.000000 0.000000 0.000000
370 514980.781250 871.665283 1357.437988 16569.480469 0.000000 0.000000 0.000000 0.000000
371 514830.500000 877.249390 1366.390625 16705.224609 0.000000 0.000000 0.000000 0.000000
372 514679.312500 882.850586 1375.375000 16841.863281 0.000000 0.000000 0.000000 0.000000
373 514527.125000 888.468628 1384.390625 16979.400391 0.000000 0.000000 0.000000 0.000000
374 514374.031250 894.103271 1393.437378 17117.839844 0.000000 0.000000 0.000000 0.000000
375 514219.937500 899.754333 1402.514771 17257.183594 0.000000 0.000000 0.000000 0.000000
376 514064.906250 905.421509 1411.622559 17397.435547 0.000000 0.000000 0.000000 0.000000
377 513908.937500 911.104370 1420.760254 17538.597656 0.000000 0.000000 0.000000 0.000000
378 513752.000000 916.802856 1429.927490 17680.673828 0.000000 0.000000 0.000000 0.000000
379 513594.062500 922.516663 1439.124146 17823.667969 0.000000 0.000000 0.000000 0.000000
380 513435.218750 928.245361 1448.349365 17967.580078 0.000000 0.000000 0.000000 0.000000
381 513275.375000 933.988770 1457.603271 18112.414062 0.000000 0.000000 0.000000 0.000000
382 513114.562500 939.746643 1466.885010 18258.173828 0.000000 0.000000 0.000000 0.000000
383 512952.812500 945.518555 1476.194458 18404.863281 0.000000 0.000000 0.000000 0.000000
384 512790.062500 951.304321 1485.531006 18552.482422 0.000000 0.000000 0.000000 0.000000
385 512626.343750 957.103516 1494.894531 18701.035156 0.000000 0.000000 0.000000 0.000000
386 512461.656250 962.915894 1504.284180 18850.525391 0.000000 0.000000 0.000000 0.000000
387 512296.000000 968.741089 1513.699829 19000.953125 0.000000 0.000000 0.000000 0.000000
388 512129.375000 974.578857 1523.140869 19152.322266 0.000000 0.000000 0.000000 0.000000
389 511961.718750 980.428711 1532.606934 19304.636719 0.000000 0.000000 0.000000 0.000000
390 511793.093750 986.290466 1542.097290 19457.898438 0.000000 0.000000 0.000000 0.000000
391 511623.531250 992.163635 1551.611816 19612.109375 0.000000 0.000000 0.000000 0.000000
392 511452.937500 998.048035 1561.149902 19767.271484 0.000000 0.000000 0.000000 0.000000
393 511281.375000 1003.943237 1570.710938 19923.384766 0.000000 0.000000 0.000000 0.000000
394 511108.812500 1009.848816 1580.294434 20080.457031 0.000000 0.000000 0.000000 0.000000
395 510935.250000 1015.764465 1589.899902 20238.484375 0.000000 0.000000 0.000000 0.000000
396 510760.718750 1021.689819 1599.526733 20397.474609 0.000000 0.000000 0.000000 0.000000
397 510585.156250 1027.624390 1609.174683 20557.429688 0.000000 0.000000 0.000000 0.000000
398 510408.656250 1033.567871 1618.842773 20718.345703 0.000000 0.000000 0.000000 0.000000
399 510231.125000 1039.520020 1628.530762 20880.228516 0.000000 0.000000 0.000000 0.000000
400 510052.593750 1045.480103 1638.238037 21043.082031 0.000000 0.000000 0.000000 0.000000
401 509873.062500 1051.447998 1647.963867 21206.906250 0.000000 0.000000 0.000000 0.000000
402 509692.562500 1057.423340 1657.707764 21371.703125 0.000000 0.000000 0.000000 0.000000
403 509511.031250 1063.405396 1667.469238 21537.472656 0.000000 0.000000 0.000000 0.000000
404 509328.531250 1069.394043 1677.247803 21704.220703 0.000000 0.000000 0.000000 0.000000
405 509145.031250 1075.388672 1687.042358 21871.943359 0.000000 0.000000 0.000000 0.000000
406 508960.531250 1081.389038 1696.852661 22040.646484 0.000000 0.000000 0.000000 0.000000
407 508774.968750 1087.394653 1706.677979 22210.333984 0.000000 0.000000 0.000000 0.000000
408 508588.500000 1093.404907 1716.517700 22381.001953 0.000000 0.000000 0.000000 0.000000
409 508400.937500 1099.419556 1726.371094 22552.652344 0.000000 0.000000 0.000000 0.000000
410 508212.437500 1105.437988 1736.237671 22725.289062 0.000000 0.000000 0.000000 0.000000
411 508022.906250 1111.459961 1746.116577 22898.914062 0.000000 0.000000 0.000000 0.000000
412 507832.375000 1117.484741 1756.007324 23073.525391 0.000000 0.000000 0.000000 0.000000
413 507640.875000 1123.512085 1765.908936 23249.126953 0.000000 0.000000 0.000000 0.000000
414 507448.312500 1129.541382 1775.821045 23425.718750 0.000000 0.000000 0.000000 0.000000
415 507254.781250 1135.572144 1785.742920 23603.300781 0.000000 0.000000 0.000000 0.000000
416 507060.250000 1141.604126 1795.673584 23781.875000 0.000000 0.000000 0.000000 0.000000
417 506864.687500 1147.636475 1805.612427 23961.441406 0.000000 0.000000 0.000000 0.000000
418 506668.187500 1153.669067 1815.558838 24142.003906 0.000000 0.000000 0.000000 0.000000
419 506470.625000 1159.701172 1825.511963 24323.558594 0.000000 0.000000 0.000000 0.000000
420 506272.062500 1165.732178 1835.471069 24506.109375 0.000000 0.000000 0.000000 0.000000
421 506072.531250 1171.761963 1845.435547 24689.656250 0.000000 0.000000 0.000000 0.000000
422 505872.000000 1177.789673 1855.404541 24874.201172 0.000000 0.000000 0.000000 0.000000
423 505670.468750 1183.814941 1865.377197 25059.740234 0.000000 0.000000 0.000000 0.000000
424 505467.906250 1189.837158 1875.352661 25246.277344 0.000000 0.000000 0.000000 0.000000
425 505264.375000 1195.855713 1885.330322 25433.814453 0.000000 0.000000 0.000000 0.000000
426 505059.875000 1201.870361 1895.309326 25622.347656 0.000000 0.000000 0.000000 0.000000
427 504854.343750 1207.880371 1905.289062 25811.878906 0.000000 0.000000 0.000000 0.000000
428 504647.843750 1213.885254 1915.268311 26002.406250 0.000000 0.000000 0.000000 0.000000
429 504440.343750 1219.884399 1925.246338 26193.933594 0.000000 0.000000 0.000000 0.000000
430 504231.843750 1225.877197 1935.222412 26386.457031 0.000000 0.000000 0.000000 0.000000
431 504022.375000 1231.863281 1945.196045 26579.978516 0.000000 0.000000 0.000000 0.000000
432 503811.875000 1237.842163 1955.165527 26774.498047 0.000000 0.000000 0.000000 0.000000
433 503600.437500 1243.812866 1965.130859 26970.015625 0.000000 0.000000 0.000000 0.000000
434 503388.000000 1249.775146 1975.090576 27166.529297 0.000000 0.000000 0.000000 0.000000
435 503174.593750 1255.728271 1985.044189 27364.037109 0.000000 0.000000 0.000000 0.000000
436 502960.218750 1261.671753 1994.990723 27562.542969 0.000000 0.000000 0.000000 0.000000
437 502744.812500 1267.604980 2004.928955 27762.041016 0.000000 0.000000 0.000000 0.000000
438 502528.468750 1273.527466 2014.858521 27962.535156 0.000000 0.000000 0.000000 0.000000
439 502311.187500 1279.438354 2024.778320 28164.021484 0.000000 0.000000 0.000000 0.000000
440 502092.875000 1285.337402 2034.687256 28366.500000 0.000000 0.000000 0.000000 0.000000
441 501873.625000 1291.223755 2044.584473 28569.968750 0.000000 0.000000 0.000000 0.000000
442 501653.437500 1297.097046 2054.469238 28774.425781 0.000000 0.000000 0.000000 0.000000
443 501432.218750 1302.956299 2064.340332 28979.875000 0.000000 0.000000 0.000000 0.000000
444 501210.093750 1308.801147 2074.197021 29186.306641 0.000000 0.000000 0.000000 0.000000
445 500987.000000 1314.631104 2084.038574 29393.726562 0.000000 0.000000 0.000000 0.000000
446 500762.968750 1320.445312 2093.863525 29602.130859 0.000000 0.000000 0.000000 0.000000
447 500537.968750 1326.243286 2103.670898 29811.517578 0.000000 0.000000 0.000000 0.000000
448 500312.031250 1332.024292 2113.460205 30021.884766 0.000000 0.000000 0.000000 0.000000
449 500085.156250 1337.787842 2123.229980 30233.230469 0.000000 0.000000 0.000000 0.000000
450 499857.343750 1343.533325 2132.979980 30445.554688 0.000000 0.000000 0.000000 0.000000
451 499628.593750 1349.259888 2142.708496 30658.853516 0.000000 0.000000 0.000000 0.000000
452 499398.875000 1354.967041 2152.414551 30873.123047 0.000000 0.000000 0.000000 0.000000
453 499168.281250 1360.654175 2162.097900 31088.367188 0.000000 0.000000 0.000000 0.000000
454 498936.750000 1366.320801 2171.756592 31304.576172 0.000000 0.000000 0.000000 0.000000
455 498704.281250 1371.965942 2181.390137 31521.751953 0.000000 0.000000 0.000000 0.000000
456 498470.906250 1377.589111 2190.997559 31739.890625 0.000000 0.000000 0.000000 0.000000
457 498236.625000 1383.189697 2200.577393 31958.990234 0.000000 0.000000 0.000000 0.000000
458 498001.437500 1388.767090 2210.129150 32179.046875 0.000000 0.000000 0.000000 0.000000
459 497765.375000 1394.320557 2219.651611 32400.060547 0.000000 0.000000 0.000000 0.000000
460 497528.375000 1399.849609 2229.143555 32622.027344 0.000000 0.000000 0.000000 0.000000
461 497290.500000 1405.353394 2238.604248 32844.937500 0.000000 0.000000 0.000000 0.000000
462 497051.750000 1410.831299 2248.032471 33068.800781 0.000000 0.000000 0.000000 0.000000
463 496812.093750 1416.282837 2257.427246 33293.601562 0.000000 0.000000 0.000000 0.000000
464 496571.562500 1421.707153 2266.787598 33519.343750 0.000000 0.000000 0.000000 0.000000
465 496330.187500 1427.103760 2276.112061 33746.023438 0.000000 0.000000 0.000000 0.000000
466 496087.906250 1432.471802 2285.399902 33973.636719 0.000000 0.000000 0.000000 0.000000
467 495844.781250 1437.810669 2294.650391 34202.175781 0.000000 0.000000 0.000000 0.000000
468 495600.812500 1443.119873 2303.861816 34431.640625 0.000000 0.000000 0.000000 0.000000
469 495356.000000 1448.398682 2313.033691 34662.023438 0.000000 0.000000 0.000000 0.000000
470 495110.250000 1453.646606 2322.164307 34893.328125 0.000000 0.000000 0.000000 0.000000
471 494863.750000 1458.862549 2331.253174 35125.542969 0.000000 0.000000 0.000000 0.000000
472 494616.375000 1464.046143 2340.299072 35358.667969 0.000000 0.000000 0.000000 0.000000
473 494368.187500 1469.196777 2349.300781 35592.699219 0.000000 0.000000 0.000000 0.000000
474 494119.187500 1474.313721 2358.257324 35827.632812 0.000000 0.000000 0.000000 0.000000
475 493869.375000 1479.396240 2367.167725 36063.457031 0.000000 0.000000 0.000000 0.000000
476 493618.750000 1484.443970 2376.030762 36300.171875 0.000000 0.000000 0.000000 0.000000
477 493367.312500 1489.455933 2384.845215 36537.773438 0.000000 0.000000 0.000000 0.000000
478 493115.125000 1494.431641 2393.610596 36776.257812 0.000000 0.000000 0.000000 0.000000
479 492862.093750 1499.370361 2402.324951 37015.621094 0.000000 0.000000 0.000000 0.000000
480 492608.281250 1504.271484 2410.988037 37255.851562 0.000000 0.000000 0.000000 0.000000
481 492353.718750 1509.134399 2419.598389 37496.953125 0.000000 0.000000 0.000000 0.000000
482 492098.375000 1513.958496 2428.154785 37738.910156 0.000000 0.000000 0.000000 0.000000
483 491842.250000 1518.742920 2436.656494 37981.726562 0.000000 0.000000 0.000000 0.000000
484 491585.375000 1523.487305 2445.102051 38225.390625 0.000000 0.000000 0.000000 0.000000
485 491327.812500 1528.190918 2453.490723 38469.902344 0.000000 0.000000 0.000000 0.000000
486 491069.437500 1532.853027 2461.821289 38715.250000 0.000000 0.000000 0.000000 0.000000
487 490810.375000 1537.473145 2470.092773 38961.433594 0.000000 0.000000 0.000000 0.000000
488 490550.593750 1542.050537 2478.303955 39208.441406 0.000000 0.000000 0.000000 0.000000
489 490290.093750 1546.584473 2486.454102 39456.273438 0.000000 0.000000 0.000000 0.000000
490 490028.843750 1551.074585 2494.541504 39704.917969 0.000000 0.000000 0.000000 0.000000
491 489766.937500 1555.520020 2502.565918 39954.371094 0.000000 0.000000 0.000000 0.000000
492 489504.312500 1559.920410 2510.525635 40204.628906 0.000000 0.000000 0.000000 0.000000
493 489241.000000 1564.274902 2518.419678 40455.679688 0.000000 0.000000 0.000000 0.000000
494 488977.031250 1568.583130 2526.247314 40707.523438 0.000000 0.000000 0.000000 0.000000
495 488712.375000 1572.844238 2534.007324 40960.148438 0.000000 0.000000 0.000000 0.000000
496 488447.093750 1577.057861 2541.698730 41213.546875 0.000000 0.000000 0.000000 0.000000
497 488181.125000 1581.223145 2549.320312 41467.718750 0.000000 0.000000 0.000000 0.000000
498 487914.500000 1585.339600 2556.871338 41722.648438 0.000000 0.000000 0.000000 0.000000
499 487647.281250 1589.406738 2564.350586 41978.335938 0.000000 0.000000 0.000000 0.000000
500 487379.406250 1593.423828 2571.756836 42234.769531 0.000000 0.000000 0.000000 0.000000
501 487110.937500 1597.390503 2579.089844 42491.945312 0.000000 0.000000 0.000000 0.000000
502 486841.875000 1601.305908 2586.347656 42749.855469 0.000000 0.000000 0.000000 0.000000
503 486572.187500 1605.169678 2593.529541 43008.488281 0.000000 0.000000 0.000000 0.000000
504 486301.937500 1608.981445 2600.634766 43267.843750 0.000000 0.000000 0.000000 0.000000
505 486031.093750 1612.740234 2607.662598 43527.906250 0.000000 0.000000 0.000000 0.000000
506 485759.687500 1616.445557 2614.610840 43788.671875 0.000000 0.000000 0.000000 0.000000
507 485487.687500 1620.097168 2621.479736 44050.132812 0.000000 0.000000 0.000000 0.000000
508 485215.156250 1623.694336 2628.267822 44312.281250 0.000000 0.000000 0.000000 0.000000
509 484942.062500 1627.236572 2634.974121 44575.105469 0.000000 0.000000 0.000000 0.000000
510 484668.468750 1630.723145 2641.598145 44838.605469 0.000000 0.000000 0.000000 0.000000
511 484394.343750 1634.153687 2648.138428 45102.765625 0.000000 0.000000 0.000000 0.000000
512 484119.687500 1637.527832 2654.593994 45367.578125 0.000000 0.000000 0.000000 0.000000
513 483844.562500 1640.845093 2660.964111 45633.039062 0.000000 0.000000 0.000000 0.000000
514 483568.906250 1644.104736 2667.248047 45899.136719 0.000000 0.000000 0.000000 0.000000
515 483292.781250 1647.306152 2673.444824 46165.859375 0.000000 0.000000 0.000000 0.000000
516 483016.187500 1650.449341 2679.552979 46433.203125 0.000000 0.000000 0.000000 0.000000
517 482739.156250 1653.533569 2685.572021 46701.160156 0.000000 0.000000 0.000000 0.000000
518 482461.625000 1656.558350 2691.501709 46969.718750 0.000000 0.000000 0.000000 0.000000
519 482183.687500 1659.523193 2697.340088 47238.867188 0.000000 0.000000 0.000000 0.000000
520 481905.312500 1662.427734 2703.086670 47508.601562 0.000000 0.000000 0.000000 0.000000
521 481626.500000 1665.271240 2708.741211 47778.906250 0.000000 0.000000 0.000000 0.000000
522 481347.281250 1668.053833 2714.301758 48049.781250 0.000000 0.000000 0.000000 0.000000
523 481067.656250 1670.774902 2719.768799 48321.210938 0.000000 0.000000 0.000000 0.000000
524 480787.625000 1673.433594 2725.140381 48593.187500 0.000000 0.000000 0.000000 0.000000
525 480507.281250 1676.030029 2730.416504 48865.703125 0.000000 0.000000 0.000000 0.000000
526 480226.531250 1678.563477 2735.595459 49138.742188 0.000000 0.000000 0.000000 0.000000
527 479945.375000 1681.033936 2740.677490 49412.304688 0.000000 0.000000 0.000000 0.000000
528 479663.937500 1683.440430 2745.661621 49686.371094 0.000000 0.000000 0.000000 0.000000
529 479382.125000 1685.783081 2750.546387 49960.937500 0.000000 0.000000 0.000000 0.000000
530 479100.031250 1688.061401 2755.331787 50235.992188 0.000000 0.000000 0.000000 0.000000
531 478817.593750 1690.274902 2760.016846 50511.527344 0.000000 0.000000 0.000000 0.000000
532 478534.875000 1692.423462 2764.600830 50787.531250 0.000000 0.000000 0.000000 0.000000
533 478251.843750 1694.506592 2769.083008 51063.984375 0.000000 0.000000 0.000000 0.000000
534 477968.531250 1696.523926 2773.462646 51340.898438 0.000000 0.000000 0.000000 0.000000
535 477684.968750 1698.475342 2777.739502 51618.242188 0.000000 0.000000 0.000000 0.000000
536 477401.125000 1700.360474 2781.912354 51896.019531 0.000000 0.000000 0.000000 0.000000
537 477117.031250 1702.178955 2785.980957 52174.210938 0.000000 0.000000 0.000000 0.000000
538 476832.750000 1703.930542 2789.944336 52452.804688 0.000000 0.000000 0.000000 0.000000
539 476548.218750 1705.614990 2793.802490 52731.800781 0.000000 0.000000 0.000000 0.000000
540 476263.468750 1707.231934 2797.554199 53011.179688 0.000000 0.000000 0.000000 0.000000
541 475978.500000 1708.781250 2801.199463 53290.933594 0.000000 0.000000 0.000000 0.000000
542 475693.343750 1710.262573 2804.737061 53571.058594 0.000000 0.000000 0.000000 0.000000
543 475408.062500 1711.675537 2808.166748 53851.531250 0.000000 0.000000 0.000000 0.000000
544 475122.562500 1713.020386 2811.488037 54132.347656 0.000000 0.000000 0.000000 0.000000
545 474836.937500 1714.296631 2814.700928 54413.496094 0.000000 0.000000 0.000000 0.000000
546 474551.187500 1715.504028 2817.804199 54694.964844 0.000000 0.000000 0.000000 0.000000
547 474265.250000 1716.642456 2820.797363 54976.742188 0.000000 0.000000 0.000000 0.000000
548 473979.218750 1717.711792 2823.680176 55258.828125 0.000000 0.000000 0.000000 0.000000
549 473693.062500 1718.711914 2826.452148 55541.195312 0.000000 0.000000 0.000000 0.000000
550 473406.843750 1719.642456 2829.113281 55823.839844 0.000000 0.000000 0.000000 0.000000
551 473120.500000 1720.503418 2831.662354 56106.750000 0.000000 0.000000 0.000000 0.000000
552 472834.125000 1721.294556 2834.099854 56389.914062 0.000000 0.000000 0.000000 0.000000
553 472547.687500 1722.016113 2836.424805 56673.324219 0.000000 0.000000 0.000000 0.000000
554 472261.125000 1722.667480 2838.636963 56956.968750 0.000000 0.000000 0.000000 0.000000
555 471974.593750 1723.248779 2840.736084 57240.832031 0.000000 0.000000 0.000000 0.000000
556 471688.031250 1723.759888 2842.721680 57524.906250 0.000000 0.000000 0.000000 0.000000
557 471401.468750 1724.200928 2844.593750 57809.179688 0.000000 0.000000 0.000000 0.000000
558 471114.843750 1724.571655 2846.351807 58093.632812 0.000000 0.000000 0.000000 0.000000
559 470828.312500 1724.872192 2847.995361 58378.269531 0.000000 0.000000 0.000000 0.000000
560 470541.687500 1725.102295 2849.524658 58663.070312 0.000000 0.000000 0.000000 0.000000
561 470255.187500 1725.261963 2850.939209 58948.019531 0.000000 0.000000 0.000000 0.000000
562 469968.718750 1725.351318 2852.238525 59233.117188 0.000000 0.000000 0.000000 0.000000
563 469682.281250 1725.370117 2853.423096 59518.335938 0.000000 0.000000 0.000000 0.000000
564 469395.937500 1725.318604 2854.492188 59803.683594 0.000000 0.000000 0.000000 0.000000
565 469109.625000 1725.196533 2855.445801 60089.132812 0.000000 0.000000 0.000000 0.000000
566 468823.437500 1725.004272 2856.283936 60374.671875 0.000000 0.000000 0.000000 0.000000
567 468537.375000 1724.741699 2857.006348 60660.304688 0.000000 0.000000 0.000000 0.000000
568 468251.406250 1724.408936 2857.612549 60946.003906 0.000000 0.000000 0.000000 0.000000
569 467965.562500 1724.005859 2858.103516 61231.765625 0.000000 0.000000 0.000000 0.000000
570 467679.843750 1723.532715 2858.478027 61517.578125 0.000000 0.000000 0.000000 0.000000
571 467394.281250 1722.989380 2858.736572 61803.425781 0.000000 0.000000 0.000000 0.000000
572 467108.875000 1722.376221 2858.878906 62089.296875 0.000000 0.000000 0.000000 0.000000
573 466823.625000 1721.693237 2858.905762 62375.187500 0.000000 0.000000 0.000000 0.000000
574 466538.593750 1720.940674 2858.816406 62661.078125 0.000000 0.000000 0.000000 0.000000
575 466253.750000 1720.118408 2858.610352 62946.957031 0.000000 0.000000 0.000000 0.000000
576 465969.125000 1719.226807 2858.289307 63232.820312 0.000000 0.000000 0.000000 0.000000
577 465684.656250 1718.265991 2857.851807 63518.648438 0.000000 0.000000 0.000000 0.000000
578 465400.468750 1717.235840 2857.298828 63804.433594 0.000000 0.000000 0.000000 0.000000
579 465116.500000 1716.136963 2856.629883 64090.164062 0.000000 0.000000 0.000000 0.000000
580 464832.781250 1714.968994 2855.845703 64375.828125 0.000000 0.000000 0.000000 0.000000
581 464549.343750 1713.732910 2854.946045 64661.414062 0.000000 0.000000 0.000000 0.000000
582 464266.187500 1712.428467 2853.931152 64946.906250 0.000000 0.000000 0.000000 0.000000
583 463983.250000 1711.055664 2852.801025 65232.300781 0.000000 0.000000 0.000000 0.000000
584 463700.687500 1709.615234 2851.556152 65517.578125 0.000000 0.000000 0.000000 0.000000
585 463418.375000 1708.107178 2850.196777 65802.734375 0.000000 0.000000 0.000000 0.000000
586 463136.437500 1706.531616 2848.722900 66087.757812 0.000000 0.000000 0.000000 0.000000
587 462854.812500 1704.888916 2847.134766 66372.625000 0.000000 0.000000 0.000000 0.000000
588 462573.500000 1703.179443 2845.432861 66657.335938 0.000000 0.000000 0.000000 0.000000
589 462292.531250 1701.403320 2843.617432 66941.882812 0.000000 0.000000 0.000000 0.000000
590 462011.937500 1699.561035 2841.688477 67226.250000 0.000000 0.000000 0.000000 0.000000
591 461731.750000 1697.652588 2839.646729 67510.414062 0.000000 0.000000 0.000000 0.000000
592 461451.875000 1695.678711 2837.492432 67794.382812 0.000000 0.000000 0.000000 0.000000
593 461172.437500 1693.639404 2835.225830 68078.125000 0.000000 0.000000 0.000000 0.000000
594 460893.406250 1691.535156 2832.847412 68361.656250 0.000000 0.000000 0.000000 0.000000
595 460614.750000 1689.366211 2830.357422 68644.929688 0.000000 0.000000 0.000000 0.000000
596 460336.531250 1687.132935 2827.756348 68927.968750 0.000000 0.000000 0.000000 0.000000
597 460058.781250 1684.835693 2825.044922 69210.742188 0.000000 0.000000 0.000000 0.000000
598 459781.500000 1682.474854 2822.223145 69493.250000 0.000000 0.000000 0.000000 0.000000
599 459504.625000 1680.051025 2819.291504 69775.468750 0.000000 0.000000 0.000000 0.000000
600 459228.218750 1677.564209 2816.250977 70057.398438 0.000000 0.000000 0.000000 0.000000
601 458952.281250 1675.015137 2813.101562 70339.015625 0.000000 0.000000 0.000000 0.000000
602 458676.843750 1672.404053 2809.843750 70620.335938 0.000000 0.000000 0.000000 0.000000
603 458401.875000 1669.731323 2806.478516 70901.312500 0.000000 0.000000 0.000000 0.000000
604 458127.468750 1666.997559 2803.005859 71181.960938 0.000000 0.000000 0.000000 0.000000
605 457853.531250 1664.202759 2799.427002 71462.265625 0.000000 0.000000 0.000000 0.000000
606 457580.125000 1661.347900 2795.741943 71742.203125 0.000000 0.000000 0.000000 0.000000
607 457307.250000 1658.433350 2791.951416 72021.781250 0.000000 0.000000 0.000000 0.000000
608 457034.937500 1655.459229 2788.056152 72300.976562 0.000000 0.000000 0.000000 0.000000
609 456763.187500 1652.426147 2784.056885 72579.781250 0.000000 0.000000 0.000000 0.000000
610 456491.937500 1649.334717 2779.953857 72858.187500 0.000000 0.000000 0.000000 0.000000
611 456221.312500 1646.185303 2775.747803 73136.179688 0.000000 0.000000 0.000000 0.000000
612 455951.250000 1642.978271 2771.439941 73413.757812 0.000000 0.000000 0.000000 0.000000
613 455681.781250 1639.714355 2767.030273 73690.906250 0.000000 0.000000 0.000000 0.000000
614 455412.906250 1636.394043 2762.520020 73967.609375 0.000000 0.000000 0.000000 0.000000
615 455144.625000 1633.017578 2757.909180 74243.859375 0.000000 0.000000 0.000000 0.000000
616 454876.968750 1629.585693 2753.199219 74519.648438 0.000000 0.000000 0.000000 0.000000
617 454609.937500 1626.098877 2748.390625 74794.968750 0.000000 0.000000 0.000000 0.000000
618 454343.562500 1622.557739 2743.483887 75069.804688 0.000000 0.000000 0.000000 0.000000
619 454077.812500 1618.962524 2738.479980 75344.156250 0.000000 0.000000 0.000000 0.000000
620 453812.687500 1615.314087 2733.379883 75618.007812 0.000000 0.000000 0.000000 0.000000
621 453548.281250 1611.612793 2728.184082 75891.343750 0.000000 0.000000 0.000000 0.000000
622 453284.500000 1607.859253 2722.893066 76164.164062 0.000000 0.000000 0.000000 0.000000
623 453021.406250 1604.054077 2717.508545 76436.453125 0.000000 0.000000 0.000000 0.000000
624 452759.000000 1600.197632 2712.030762 76708.203125 0.000000 0.000000 0.000000 0.000000
625 452497.281250 1596.290649 2706.460449 76979.406250 0.000000 0.000000 0.000000 0.000000
626 452236.250000 1592.333618 2700.798828 77250.054688 0.000000 0.000000 0.000000 0.000000
627 451975.906250 1588.327393 2695.046143 77520.132812 0.000000 0.000000 0.000000 0.000000
628 451716.312500 1584.271973 2689.203857 77789.640625 0.000000 0.000000 0.000000 0.000000
629 451457.437500 1580.168701 2683.272461 78058.554688 0.000000 0.000000 0.000000 0.000000
630 451199.250000 1576.017456 2677.253418 78326.882812 0.000000 0.000000 0.000000 0.000000
631 450941.812500 1571.819214 2671.146729 78594.609375 0.000000 0.000000 0.000000 0.000000
632 450685.156250 1567.574463 2664.954102 78861.726562 0.000000 0.000000 0.000000 0.000000
633 450429.250000 1563.283936 2658.676025 79128.218750 0.000000 0.000000 0.000000 0.000000
634 450174.031250 1558.947998 2652.313477 79394.093750 0.000000 0.000000 0.000000 0.000000
635 449919.656250 1554.567627 2645.867432 79659.320312 0.000000 0.000000 0.000000 0.000000
636 449666.000000 1550.142944 2639.338867 79923.914062 0.000000 0.000000 0.000000 0.000000
637 449413.156250 1545.674927 2632.728760 80187.843750 0.000000 0.000000 0.000000 0.000000
638 449161.093750 1541.164062 2626.038086 80451.109375 0.000000 0.000000 0.000000 0.000000
639 448909.812500 1536.611084 2619.267334 80713.718750 0.000000 0.000000 0.000000 0.000000
640 448659.343750 1532.016479 2612.417969 80975.640625 0.000000 0.000000 0.000000 0.000000
641 448409.656250 1527.380859 2605.490967 81236.890625 0.000000 0.000000 0.000000 0.000000
642 448160.781250 1522.705078 2598.487061 81497.437500 0.000000 0.000000 0.000000 0.000000
643 447912.750000 1517.989502 2591.407227 81757.281250 0.000000 0.000000 0.000000 0.000000
644 447665.500000 1513.234863 2584.252930 82016.429688 0.000000 0.000000 0.000000 0.000000
645 447419.125000 1508.441895 2577.024658 82274.843750 0.000000 0.000000 0.000000 0.000000
646 447173.562500 1503.611084 2569.723633 82532.554688 0.000000 0.000000 0.000000 0.000000
647 446928.812500 1498.743164 2562.350586 82789.515625 0.000000 0.000000 0.000000 0.000000
648 446684.937500 1493.838867 2554.906738 83045.757812 0.000000 0.000000 0.000000 0.000000
649 446441.875000 1488.898438 2547.393311 83301.250000 0.000000 0.000000 0.000000 0.000000
650 446199.687500 1483.922852 2539.811035 83555.984375 0.000000 0.000000 0.000000 0.000000
651 445958.406250 1478.912720 2532.161133 83809.968750 0.000000 0.000000 0.000000 0.000000
652 445717.937500 1473.868774 2524.444580 84063.187500 0.000000 0.000000 0.000000 0.000000
653 445478.375000 1468.791504 2516.662354 84315.625000 0.000000 0.000000 0.000000 0.000000
654 445239.656250 1463.681396 2508.815430 84567.296875 0.000000 0.000000 0.000000 0.000000
655 445001.812500 1458.539551 2500.904785 84818.171875 0.000000 0.000000 0.000000 0.000000
656 444764.875000 1453.366211 2492.932129 85068.265625 0.000000 0.000000 0.000000 0.000000
657 444528.812500 1448.162109 2484.897705 85317.554688 0.000000 0.000000 0.000000 0.000000
658 444293.625000 1442.928101 2476.802734 85566.046875 0.000000 0.000000 0.000000 0.000000
659 444059.375000 1437.664429 2468.648438 85813.726562 0.000000 0.000000 0.000000 0.000000
660 443826.000000 1432.372192 2460.436035 86060.593750 0.000000 0.000000 0.000000 0.000000
661 443593.562500 1427.051758 2452.166016 86306.640625 0.000000 0.000000 0.000000 0.000000
662 443362.000000 1421.703857 2443.840332 86551.851562 0.000000 0.000000 0.000000 0.000000
663 443131.375000 1416.328979 2435.458984 86796.234375 0.000000 0.000000 0.000000 0.000000
664 442901.656250 1410.927979 2427.023682 87039.781250 0.000000 0.000000 0.000000 0.000000
665 442672.875000 1405.501465 2418.535400 87282.484375 0.000000 0.000000 0.000000 0.000000
666 442445.031250 1400.049927 2409.995117 87524.335938 0.000000 0.000000 0.000000 0.000000
667 442218.093750 1394.574219 2401.403809 87765.335938 0.000000 0.000000 0.000000 0.000000
668 441992.093750 1389.074585 2392.762695 88005.468750 0.000000 0.000000 0.000000 0.000000
669 441767.031250 1383.552246 2384.072754 88244.757812 0.000000 0.000000 0.000000 0.000000
670 441542.906250 1378.007202 2375.335205 88483.156250 0.000000 0.000000 0.000000 0.000000
671 441319.750000 1372.440674 2366.550781 88720.687500 0.000000 0.000000 0.000000 0.000000
672 441097.500000 1366.852783 2357.720947 88957.351562 0.000000 0.000000 0.000000 0.000000
673 440876.156250 1361.244385 2348.846191 89193.125000 0.000000 0.000000 0.000000 0.000000
674 440655.843750 1355.616211 2339.928223 89428.007812 0.000000 0.000000 0.000000 0.000000
675 440436.437500 1349.968750 2330.967773 89662.000000 0.000000 0.000000 0.000000 0.000000
676 440218.031250 1344.302612 2321.965820 89895.093750 0.000000 0.000000 0.000000 0.000000
677 440000.562500 1338.618530 2312.923340 90127.296875 0.000000 0.000000 0.000000 0.000000
678 439784.062500 1332.916748 2303.841797 90358.593750 0.000000 0.000000 0.000000 0.000000
679 439568.500000 1327.198486 2294.721680 90588.968750 0.000000 0.000000 0.000000 0.000000
680 439353.937500 1321.463867 2285.564697 90818.453125 0.000000 0.000000 0.000000 0.000000
681 439140.312500 1315.713745 2276.371094 91047.000000 0.000000 0.000000 0.000000 0.000000
682 438927.687500 1309.948486 2267.142334 91274.640625 0.000000 0.000000 0.000000 0.000000
683 438716.000000 1304.168823 2257.879639 91501.359375 0.000000 0.000000 0.000000 0.000000
684 438505.312500 1298.375488 2248.583496 91727.140625 0.000000 0.000000 0.000000 0.000000
685 438295.562500 1292.568726 2239.255615 91952.000000 0.000000 0.000000 0.000000 0.000000
686 438086.843750 1286.749512 2229.896484 92175.921875 0.000000 0.000000 0.000000 0.000000
687 437879.062500 1280.918213 2220.507324 92398.921875 0.000000 0.000000 0.000000 0.000000
688 437672.281250 1275.075439 2211.088867 92620.968750 0.000000 0.000000 0.000000 0.000000
689 437466.468750 1269.221680 2201.642334 92842.070312 0.000000 0.000000 0.000000 0.000000
690 437261.625000 1263.357666 2192.169189 93062.242188 0.000000 0.000000 0.000000 0.000000
691 437057.781250 1257.483887 2182.669434 93281.453125 0.000000 0.000000 0.000000 0.000000
692 436854.937500 1251.600952 2173.144775 93499.718750 0.000000 0.000000 0.000000 0.000000
693 436653.062500 1245.709473 2163.596191 93717.039062 0.000000 0.000000 0.000000 0.000000
694 436452.187500 1239.809814 2154.024170 93933.398438 0.000000 0.000000 0.000000 0.000000
695 436252.281250 1233.902588 2144.430420 94148.796875 0.000000 0.000000 0.000000 0.000000
696 436053.375000 1227.988647 2134.815186 94363.234375 0.000000 0.000000 0.000000 0.000000
697 435855.437500 1222.068115 2125.179688 94576.718750 0.000000 0.000000 0.000000 0.000000
698 435658.531250 1216.141724 2115.525146 94789.242188 0.000000 0.000000 0.000000 0.000000
699 435462.562500 1210.209961 2105.852051 95000.789062 0.000000 0.000000 0.000000 0.000000
700 435267.625000 1204.273438 2096.161621 95211.375000 0.000000 0.000000 0.000000 0.000000
701 435073.625000 1198.332520 2086.454834 95420.984375 0.000000 0.000000 0.000000 0.000000
702 434880.656250 1192.387817 2076.732666 95629.632812 0.000000 0.000000 0.000000 0.000000
703 434688.687500 1186.439941 2066.995605 95837.312500 0.000000 0.000000 0.000000 0.000000
704 434497.687500 1180.489258 2057.245117 96044.007812 0.000000 0.000000 0.000000 0.000000
705 434307.687500 1174.536255 2047.481812 96249.726562 0.000000 0.000000 0.000000 0.000000
706 434118.656250 1168.581665 2037.706543 96454.476562 0.000000 0.000000 0.000000 0.000000
707 433930.625000 1162.625610 2027.920410 96658.250000 0.000000 0.000000 0.000000 0.000000
708 433743.562500 1156.669067 2018.124268 96861.046875 0.000000 0.000000 0.000000 0.000000
709 433557.562500 1150.712158 2008.318970 97062.859375 0.000000 0.000000 0.000000 0.000000
710 433372.468750 1144.755371 1998.505127 97263.687500 0.000000 0.000000 0.000000 0.000000
711 433188.406250 1138.799316 1988.684082 97463.539062 0.000000 0.000000 0.000000 0.000000
712 433005.312500 1132.844482 1978.856445 97662.406250 0.000000 0.000000 0.000000 0.000000
713 432823.218750 1126.891235 1969.023071 97860.296875 0.000000 0.000000 0.000000 0.000000
714 432642.125000 1120.940186 1959.184692 98057.203125 0.000000 0.000000 0.000000 0.000000
715 432461.968750 1114.991577 1949.342285 98253.109375 0.000000 0.000000 0.000000 0.000000
716 432282.875000 1109.045898 1939.496582 98448.046875 0.000000 0.000000 0.000000 0.000000
717 432104.687500 1103.103882 1929.648682 98642.000000 0.000000 0.000000 0.000000 0.000000
718 431927.468750 1097.165527 1919.799072 98834.968750 0.000000 0.000000 0.000000 0.000000
719 431751.281250 1091.231445 1909.948486 99026.953125 0.000000 0.000000 0.000000 0.000000
720 431576.062500 1085.302246 1900.098145 99217.937500 0.000000 0.000000 0.000000 0.000000
721 431401.812500 1079.378174 1890.248535 99407.953125 0.000000 0.000000 0.000000 0.000000
722 431228.562500 1073.459595 1880.400391 99596.968750 0.000000 0.000000 0.000000 0.000000
723 431056.281250 1067.547241 1870.554565 99785.015625 0.000000 0.000000 0.000000 0.000000
724 430885.000000 1061.641113 1860.711914 99972.070312 0.000000 0.000000 0.000000 0.000000
725 430714.625000 1055.741821 1850.873169 100158.148438 0.000000 0.000000 0.000000 0.000000
726 430545.281250 1049.849731 1841.038940 100343.234375 0.000000 0.000000 0.000000 0.000000
727 430376.875000 1043.965210 1831.210083 100527.335938 0.000000 0.000000 0.000000 0.000000
728 430209.468750 1038.088623 1821.387207 100710.460938 0.000000 0.000000 0.000000 0.000000
729 430043.000000 1032.220459 1811.571289 100892.593750 0.000000 0.000000 0.000000 0.000000
730 429877.531250 1026.361084 1801.762573 101073.750000 0.000000 0.000000 0.000000 0.000000
731 429713.000000 1020.510681 1791.962402 101253.921875 0.000000 0.000000 0.000000 0.000000
732 429549.437500 1014.669800 1782.170898 101433.125000 0.000000 0.000000 0.000000 0.000000
733 429386.812500 1008.838806 1772.388916 101611.343750 0.000000 0.000000 0.000000 0.000000
734 429225.156250 1003.017944 1762.617310 101788.578125 0.000000 0.000000 0.000000 0.000000
735 429064.468750 997.207642 1752.856445 101964.843750 0.000000 0.000000 0.000000 0.000000
736 428904.750000 991.408203 1743.107300 102140.132812 0.000000 0.000000 0.000000 0.000000
737 428745.968750 985.619873 1733.370239 102314.445312 0.000000 0.000000 0.000000 0.000000
738 428588.093750 979.843201 1723.646240 102487.781250 0.000000 0.000000 0.000000 0.000000
739 428431.218750 974.078369 1713.935547 102660.140625 0.000000 0.000000 0.000000 0.000000
740 428275.281250 968.325684 1704.238892 102831.531250 0.000000 0.000000 0.000000 0.000000
741 428120.250000 962.585571 1694.557129 103001.968750 0.000000 0.000000 0.000000 0.000000
742 427966.187500 956.858276 1684.890503 103171.421875 0.000000 0.000000 0.000000 0.000000
743 427813.093750 951.143982 1675.239990 103339.898438 0.000000 0.000000 0.000000 0.000000
744 427660.875000 945.443237 1665.605835 103507.421875 0.000000 0.000000 0.000000 0.000000
745 427509.656250 939.756104 1655.988892 103673.984375 0.000000 0.000000 0.000000 0.000000
746 427359.312500 934.083069 1646.389404 103839.585938 0.000000 0.000000 0.000000 0.000000
747 427209.906250 928.424255 1636.808228 104004.218750 0.000000 0.000000 0.000000 0.000000
748 427061.437500 922.780029 1627.245850 104167.906250 0.000000 0.000000 0.000000 0.000000
749 426913.906250 917.150635 1617.702881 104330.625000 0.000000 0.000000 0.000000 0.000000
750 426767.250000 911.536377 1608.179565 104492.398438 0.000000 0.000000 0.000000 0.000000
751 426621.531250 905.937439 1598.676636 104653.210938 0.000000 0.000000 0.000000 0.000000
752 426476.750000 900.354248 1589.194580 104813.085938 0.000000 0.000000 0.000000 0.000000
753 426332.875000 894.786804 1579.733887 104972.000000 0.000000 0.000000 0.000000 0.000000
754 426189.875000 889.235474 1570.295044 105129.984375 0.000000 0.000000 0.000000 0.000000
755 426047.781250 883.700623 1560.878662 105287.007812 0.000000 0.000000 0.000000 0.000000
756 425906.593750 878.182251 1551.485107 105443.101562 0.000000 0.000000 0.000000 0.000000
757 425766.375000 872.680847 1542.114746 105598.250000 0.000000 0.000000 0.000000 0.000000
758 425626.968750 867.196411 1532.768433 105752.460938 0.000000 0.000000 0.000000 0.000000
759 425488.500000 861.729309 1523.446045 105905.734375 0.000000 0.000000 0.000000 0.000000
760 425350.875000 856.279724 1514.148682 106058.078125 0.000000 0.000000 0.000000 0.000000
761 425214.187500 850.847900 1504.876221 106209.484375 0.000000 0.000000 0.000000 0.000000
762 425078.343750 845.433960 1495.629150 106359.976562 0.000000 0.000000 0.000000 0.000000
763 424943.406250 840.038147 1486.408325 106509.546875 0.000000 0.000000 0.000000 0.000000
764 424809.343750 834.660645 1477.213867 106658.179688 0.000000 0.000000 0.000000 0.000000
765 424676.125000 829.301697 1468.046021 106805.906250 0.000000 0.000000 0.000000 0.000000
766 424543.812500 823.961426 1458.905518 106952.703125 0.000000 0.000000 0.000000 0.000000
767 424412.375000 818.640137 1449.792603 107098.601562 0.000000 0.000000 0.000000 0.000000
768 424281.750000 813.337830 1440.707642 107243.578125 0.000000 0.000000 0.000000 0.000000
769 424152.000000 808.054810 1431.650879 107387.648438 0.000000 0.000000 0.000000 0.000000
770 424023.187500 802.791199 1422.622925 107530.812500 0.000000 0.000000 0.000000 0.000000
771 423895.125000 797.547180 1413.623901 107673.078125 0.000000 0.000000 0.000000 0.000000
772 423768.000000 792.322998 1404.654419 107814.437500 0.000000 0.000000 0.000000 0.000000
773 423641.656250 787.118591 1395.714600 107954.898438 0.000000 0.000000 0.000000 0.000000
774 423516.156250 781.934326 1386.804810 108094.476562 0.000000 0.000000 0.000000 0.000000
775 423391.562500 776.770325 1377.925537 108233.156250 0.000000 0.000000 0.000000 0.000000
776 423267.781250 771.626587 1369.076904 108370.945312 0.000000 0.000000 0.000000 0.000000
777 423144.812500 766.503357 1360.259033 108507.851562 0.000000 0.000000 0.000000 0.000000
778 423022.625000 761.400757 1351.472778 108643.875000 0.000000 0.000000 0.000000 0.000000
779 422901.343750 756.318909 1342.718018 108779.015625 0.000000 0.000000 0.000000 0.000000
780 422780.843750 751.257935 1333.995239 108913.296875 0.000000 0.000000 0.000000 0.000000
781 422661.187500 746.218079 1325.304443 109046.695312 0.000000 0.000000 0.000000 0.000000
782 422542.343750 741.199219 1316.646118 109179.218750 0.000000 0.000000 0.000000 0.000000
783 422424.281250 736.201660 1308.020752 109310.890625 0.000000 0.000000 0.000000 0.000000
784 422307.062500 731.225464 1299.428101 109441.695312 0.000000 0.000000 0.000000 0.000000
785 422190.625000 726.270691 1290.868652 109571.632812 0.000000 0.000000 0.000000 0.000000
786 422075.000000 721.337524 1282.342773 109700.726562 0.000000 0.000000 0.000000 0.000000
787 421960.156250 716.426025 1273.850464 109828.953125 0.000000 0.000000 0.000000 0.000000
788 421846.125000 711.536255 1265.392090 109956.343750 0.000000 0.000000 0.000000 0.000000
789 421732.875000 706.668335 1256.967896 110082.875000 0.000000 0.000000 0.000000 0.000000
790 421620.437500 701.822388 1248.578003 110208.578125 0.000000 0.000000 0.000000 0.000000
791 421508.750000 696.998413 1240.222778 110333.437500 0.000000 0.000000 0.000000 0.000000
792 421397.843750 692.196655 1231.902222 110457.453125 0.000000 0.000000 0.000000 0.000000
793 421287.718750 687.416992 1223.616699 110580.648438 0.000000 0.000000 0.000000 0.000000
794 421178.375000 682.659607 1215.366211 110703.007812 0.000000 0.000000 0.000000 0.000000
795 421069.781250 677.924500 1207.151001 110824.546875 0.000000 0.000000 0.000000 0.000000
796 420961.937500 673.211792 1198.971436 110945.257812 0.000000 0.000000 0.000000 0.000000
797 420854.906250 668.521606 1190.827393 111065.156250 0.000000 0.000000 0.000000 0.000000
798 420748.562500 663.853882 1182.719116 111184.242188 0.000000 0.000000 0.000000 0.000000
799 420643.031250 659.208801 1174.647095 111302.515625 0.000000 0.000000 0.000000 0.000000
800 420538.250000 654.586243 1166.610962 111419.984375 0.000000 0.000000 0.000000 0.000000
801 420434.156250 649.986450 1158.611206 111536.640625 0.000000 0.000000 0.000000 0.000000
802 420330.812500 645.409302 1150.647827 111652.500000 0.000000 0.000000 0.000000 0.000000
803 420228.250000 640.854980 1142.720947 111767.562500 0.000000 0.000000 0.000000 0.000000
804 420126.406250 636.323425 1134.830811 111881.835938 0.000000 0.000000 0.000000 0.000000
805 420025.281250 631.814758 1126.977539 111995.312500 0.000000 0.000000 0.000000 0.000000
806 419924.875000 627.328979 1119.161011 112108.015625 0.000000 0.000000 0.000000 0.000000
807 419825.187500 622.866089 1111.381470 112219.937500 0.000000 0.000000 0.000000 0.000000
808 419726.218750 618.426147 1103.639038 112331.070312 0.000000 0.000000 0.000000 0.000000
809 419628.000000 614.009155 1095.933960 112441.437500 0.000000 0.000000 0.000000 0.000000
810 419530.468750 609.615112 1088.266113 112551.023438 0.000000 0.000000 0.000000 0.000000
811 419433.656250 605.244141 1080.635620 112659.851562 0.000000 0.000000 0.000000 0.000000
812 419337.531250 600.896118 1073.042480 112767.914062 0.000000 0.000000 0.000000 0.000000
813 419242.093750 596.571167 1065.487061 112875.218750 0.000000 0.000000 0.000000 0.000000
814 419147.375000 592.269287 1057.969116 112981.773438 0.000000 0.000000 0.000000 0.000000
815 419053.312500 587.990479 1050.489014 113087.578125 0.000000 0.000000 0.000000 0.000000
816 418959.968750 583.734680 1043.046387 113192.617188 0.000000 0.000000 0.000000 0.000000
817 418867.312500 579.502014 1035.641724 113296.921875 0.000000 0.000000 0.000000 0.000000
818 418775.312500 575.292419 1028.274902 113400.492188 0.000000 0.000000 0.000000 0.000000
819 418684.000000 571.105835 1020.945923 113503.312500 0.000000 0.000000 0.000000 0.000000
820 418593.375000 566.942383 1013.654907 113605.414062 0.000000 0.000000 0.000000 0.000000
821 418503.406250 562.801941 1006.401855 113706.781250 0.000000 0.000000 0.000000 0.000000
822 418414.062500 558.684570 999.186768 113807.421875 0.000000 0.000000 0.000000 0.000000
823 418325.406250 554.590271 992.009766 113907.335938 0.000000 0.000000 0.000000 0.000000
824 418237.437500 550.518982 984.870789 114006.531250 0.000000 0.000000 0.000000 0.000000
825 418150.125000 546.470703 977.769836 114105.015625 0.000000 0.000000 0.000000 0.000000
826 418063.406250 542.445435 970.707031 114202.796875 0.000000 0.000000 0.000000 0.000000
827 417977.375000 538.443115 963.682190 114299.859375 0.000000 0.000000 0.000000 0.000000
828 417891.968750 534.463806 956.695557 114396.234375 0.000000 0.000000 0.000000 0.000000
829 417807.187500 530.507446 949.747009 114491.898438 0.000000 0.000000 0.000000 0.000000
830 417723.062500 526.573914 942.836487 114586.875000 0.000000 0.000000 0.000000 0.000000
831 417639.562500 522.663330 935.964111 114681.156250 0.000000 0.000000 0.000000 0.000000
832 417556.687500 518.775574 929.129761 114774.750000 0.000000 0.000000 0.000000 0.000000
833 417474.437500 514.910645 922.333557 114867.664062 0.000000 0.000000 0.000000 0.000000
834 417392.812500 511.068481 915.575317 114959.906250 0.000000 0.000000 0.000000 0.000000
835 417311.750000 507.249054 908.855225 115051.460938 0.000000 0.000000 0.000000 0.000000
836 417231.375000 503.452393 902.173035 115142.335938 0.000000 0.000000 0.000000 0.000000
837 417151.562500 499.678375 895.528748 115232.562500 0.000000 0.000000 0.000000 0.000000
838 417072.375000 495.927002 888.922485 115322.117188 0.000000 0.000000 0.000000 0.000000
839 416993.750000 492.198242 882.354187 115411.000000 0.000000 0.000000 0.000000 0.000000
840 416915.812500 488.491974 875.823669 115499.242188 0.000000 0.000000 0.000000 0.000000
841 416838.375000 484.808289 869.330933 115586.828125 0.000000 0.000000 0.000000 0.000000
842 416761.562500 481.147034 862.876038 115673.765625 0.000000 0.000000 0.000000 0.000000
843 416685.343750 477.508179 856.458801 115760.046875 0.000000 0.000000 0.000000 0.000000
844 416609.656250 473.891663 850.079224 115845.695312 0.000000 0.000000 0.000000 0.000000
845 416534.625000 470.297424 843.737427 115930.703125 0.000000 0.000000 0.000000 0.000000
846 416460.125000 466.725555 837.433044 116015.070312 0.000000 0.000000 0.000000 0.000000
847 416386.187500 463.175781 831.166138 116098.820312 0.000000 0.000000 0.000000 0.000000
848 416312.843750 459.648224 824.936707 116181.937500 0.000000 0.000000 0.000000 0.000000
849 416240.031250 456.142731 818.744629 116264.429688 0.000000 0.000000 0.000000 0.000000
850 416167.812500 452.659241 812.589844 116346.304688 0.000000 0.000000 0.000000 0.000000
851 416096.125000 449.197723 806.472290 116427.562500 0.000000 0.000000 0.000000 0.000000
852 416025.031250 445.758118 800.391907 116508.203125 0.000000 0.000000 0.000000 0.000000
853 415954.437500 442.340332 794.348572 116588.242188 0.000000 0.000000 0.000000 0.000000
854 415884.375000 438.944366 788.342163 116667.679688 0.000000 0.000000 0.000000 0.000000
855 415814.875000 435.570068 782.372742 116746.515625 0.000000 0.000000 0.000000 0.000000
856 415745.937500 432.217468 776.440125 116824.750000 0.000000 0.000000 0.000000 0.000000
857 415677.531250 428.886414 770.544189 116902.390625 0.000000 0.000000 0.000000 0.000000
858 415609.656250 425.576904 764.684875 116979.453125 0.000000 0.000000 0.000000 0.000000
859 415542.250000 422.288788 758.862183 117055.914062 0.000000 0.000000 0.000000 0.000000
860 415475.437500 419.022095 753.075928 117131.804688 0.000000 0.000000 0.000000 0.000000
861 415409.156250 415.776672 747.325928 117207.117188 0.000000 0.000000 0.000000 0.000000
862 415343.375000 412.552460 741.612305 117281.843750 0.000000 0.000000 0.000000 0.000000
863 415278.062500 409.349426 735.934814 117356.000000 0.000000 0.000000 0.000000 0.000000
864 415213.312500 406.167480 730.293274 117429.593750 0.000000 0.000000 0.000000 0.000000
865 415149.062500 403.006561 724.687744 117502.625000 0.000000 0.000000 0.000000 0.000000
866 415085.250000 399.866577 719.118042 117575.093750 0.000000 0.000000 0.000000 0.000000
867 415022.000000 396.747375 713.584106 117647.007812 0.000000 0.000000 0.000000 0.000000
868 414959.250000 393.648987 708.085815 117718.367188 0.000000 0.000000 0.000000 0.000000
869 414896.968750 390.571289 702.622864 117789.171875 0.000000 0.000000 0.000000 0.000000
870 414835.187500 387.514221 697.195435 117859.437500 0.000000 0.000000 0.000000 0.000000
871 414773.906250 384.477661 691.803223 117929.156250 0.000000 0.000000 0.000000 0.000000
872 414713.093750 381.461609 686.446228 117998.328125 0.000000 0.000000 0.000000 0.000000
873 414652.750000 378.465851 681.124268 118066.984375 0.000000 0.000000 0.000000 0.000000
874 414592.937500 375.490448 675.837158 118135.093750 0.000000 0.000000 0.000000 0.000000
875 414533.562500 372.535217 670.584839 118202.679688 0.000000 0.000000 0.000000 0.000000
876 414474.625000 369.600128 665.367188 118269.734375 0.000000 0.000000 0.000000 0.000000
877 414416.187500 366.685089 660.184082 118336.265625 0.000000 0.000000 0.000000 0.000000
878 414358.218750 363.789978 655.035400 118402.289062 0.000000 0.000000 0.000000 0.000000
879 414300.718750 360.914734 649.921021 118467.789062 0.000000 0.000000 0.000000 0.000000
880 414243.625000 358.059296 644.840759 118532.781250 0.000000 0.000000 0.000000 0.000000
881 414187.062500 355.223572 639.794495 118597.265625 0.000000 0.000000 0.000000 0.000000
882 414130.906250 352.407440 634.782166 118661.250000 0.000000 0.000000 0.000000 0.000000
883 414075.187500 349.610809 629.803589 118724.726562 0.000000 0.000000 0.000000 0.000000
884 414019.937500 346.833618 624.858582 118787.710938 0.000000 0.000000 0.000000 0.000000
885 413965.125000 344.075745 619.947144 118850.187500 0.000000 0.000000 0.000000 0.000000
886 413910.750000 341.337189 615.069031 118912.187500 0.000000 0.000000 0.000000 0.000000
887 413856.812500 338.617767 610.224121 118973.687500 0.000000 0.000000 0.000000 0.000000
888 413803.312500 335.917419 605.412170 119034.710938 0.000000 0.000000 0.000000 0.000000
889 413750.218750 333.236084 600.633301 119095.250000 0.000000 0.000000 0.000000 0.000000
890 413697.562500 330.573639 595.887146 119155.320312 0.000000 0.000000 0.000000 0.000000
891 413645.312500 327.929993 591.173584 119214.914062 0.000000 0.000000 0.000000 0.000000
892 413593.531250 325.305054 586.492615 119274.031250 0.000000 0.000000 0.000000 0.000000
893 413542.125000 322.698761 581.843994 119332.671875 0.000000 0.000000 0.000000 0.000000
894 413491.125000 320.110962 577.227600 119390.859375 0.000000 0.000000 0.000000 0.000000
895 413440.562500 317.541656 572.643188 119448.578125 0.000000 0.000000 0.000000 0.000000
896 413390.406250 314.990662 568.090759 119505.843750 0.000000 0.000000 0.000000 0.000000
897 413340.625000 312.457886 563.570190 119562.656250 0.000000 0.000000 0.000000 0.000000
898 413291.312500 309.943329 559.081177 119619.015625 0.000000 0.000000 0.000000 0.000000
899 413242.312500 307.446838 554.623657 119674.921875 0.000000 0.000000 0.000000 0.000000
900 413193.781250 304.968323 550.197449 119730.382812 0.000000 0.000000 0.000000 0.000000
901 413145.625000 302.507660 545.802429 119785.406250 0.000000 0.000000 0.000000 0.000000
902 413097.812500 300.064819 541.438477 119839.976562 0.000000 0.000000 0.000000 0.000000
903 413050.468750 297.639648 537.105347 119894.125000 0.000000 0.000000 0.000000 0.000000
904 413003.468750 295.232117 532.802979 119947.828125 0.000000 0.000000 0.000000 0.000000
905 412956.843750 292.842072 528.531250 120001.109375 0.000000 0.000000 0.000000 0.000000
906 412910.625000 290.469452 524.289917 120053.968750 0.000000 0.000000 0.000000 0.000000
907 412864.750000 288.114136 520.078796 120106.390625 0.000000 0.000000 0.000000 0.000000
908 412819.250000 285.776062 515.897949 120158.406250 0.000000 0.000000 0.000000 0.000000
909 412774.125000 283.455109 511.746948 120209.992188 0.000000 0.000000 0.000000 0.000000
910 412729.406250 281.151215 507.625793 120261.171875 0.000000 0.000000 0.000000 0.000000
911 412685.000000 278.864227 503.534332 120311.937500 0.000000 0.000000 0.000000 0.000000
912 412641.000000 276.594116 499.472382 120362.289062 0.000000 0.000000 0.000000 0.000000
913 412597.312500 274.340790 495.439728 120412.234375 0.000000 0.000000 0.000000 0.000000
914 412554.031250 272.104095 491.436340 120461.781250 0.000000 0.000000 0.000000 0.000000
915 412511.062500 269.883972 487.461975 120510.921875 0.000000 0.000000 0.000000 0.000000
916 412468.468750 267.680298 483.516541 120559.671875 0.000000 0.000000 0.000000 0.000000
917 412426.250000 265.493042 479.599792 120608.015625 0.000000 0.000000 0.000000 0.000000
918 412384.312500 263.322021 475.711670 120655.984375 0.000000 0.000000 0.000000 0.000000
919 412342.812500 261.167236 471.851959 120703.546875 0.000000 0.000000 0.000000 0.000000
920 412301.562500 259.028534 468.020508 120750.734375 0.000000 0.000000 0.000000 0.000000
921 412260.687500 256.905823 464.217224 120797.546875 0.000000 0.000000 0.000000 0.000000
922 412220.187500 254.799042 460.441833 120843.968750 0.000000 0.000000 0.000000 0.000000
923 412179.968750 252.708069 456.694305 120890.007812 0.000000 0.000000 0.000000 0.000000
924 412140.093750 250.632782 452.974396 120935.687500 0.000000 0.000000 0.000000 0.000000
925 412100.500000 248.573151 449.281982 120980.984375 0.000000 0.000000 0.000000 0.000000
926 412061.312500 246.529053 445.616943 121025.906250 0.000000 0.000000 0.000000 0.000000
927 412022.437500 244.500397 441.979065 121070.460938 0.000000 0.000000 0.000000 0.000000
928 411983.843750 242.487091 438.368225 121114.664062 0.000000 0.000000 0.000000 0.000000
929 411945.593750 240.489029 434.784241 121158.500000 0.000000 0.000000 0.000000 0.000000
930 411907.656250 238.506119 431.226990 121201.984375 0.000000 0.000000 0.000000 0.000000
931 411870.000000 236.538300 427.696289 121245.101562 0.000000 0.000000 0.000000 0.000000
932 411832.718750 234.585449 424.192047 121287.882812 0.000000 0.000000 0.000000 0.000000
933 411795.718750 232.647491 420.714020 121330.289062 0.000000 0.000000 0.000000 0.000000
934 411759.062500 230.724304 417.262085 121372.367188 0.000000 0.000000 0.000000 0.000000
935 411722.625000 228.815842 413.836090 121414.085938 0.000000 0.000000 0.000000 0.000000
936 411686.531250 226.921951 410.435944 121455.468750 0.000000 0.000000 0.000000 0.000000
937 411650.718750 225.042603 407.061401 121496.507812 0.000000 0.000000 0.000000 0.000000
938 411615.250000 223.177658 403.712341 121537.218750 0.000000 0.000000 0.000000 0.000000
939 411580.093750 221.327072 400.388580 121577.585938 0.000000 0.000000 0.000000 0.000000
940 411545.156250 219.490723 397.089996 121617.625000 0.000000 0.000000 0.000000 0.000000
941 411510.562500 217.668503 393.816467 121657.328125 0.000000 0.000000 0.000000 0.000000
942 411476.250000 215.860352 390.567780 121696.718750 0.000000 0.000000 0.000000 0.000000
943 411442.156250 214.066177 387.343842 121735.773438 0.000000 0.000000 0.000000 0.000000
944 411408.406250 212.285904 384.144440 121774.507812 0.000000 0.000000 0.000000 0.000000
945 411374.937500 210.519409 380.969452 121812.921875 0.000000 0.000000 0.000000 0.000000
946 411341.781250 208.766602 377.818726 121851.015625 0.000000 0.000000 0.000000 0.000000
947 411308.875000 207.027420 374.692078 121888.796875 0.000000 0.000000 0.000000 0.000000
948 411276.218750 205.301758 371.589417 121926.265625 0.000000 0.000000 0.000000 0.000000
949 411243.875000 203.589523 368.510590 121963.429688 0.000000 0.000000 0.000000 0.000000
950 411211.718750 201.890656 365.455383 122000.281250 0.000000 0.000000 0.000000 0.000000
951 411179.937500 200.205032 362.423706 122036.835938 0.000000 0.000000 0.000000 0.000000
952 411148.343750 198.532593 359.415344 122073.062500 0.000000 0.000000 0.000000 0.000000
953 411117.062500 196.873230 356.430206 122109.007812 0.000000 0.000000 0.000000 0.000000
954 411086.031250 195.226868 353.468140 122144.656250 0.000000 0.000000 0.000000 0.000000
955 411055.250000 193.593399 350.528992 122180.000000 0.000000 0.000000 0.000000 0.000000
956 411024.718750 191.972778 347.612610 122215.054688 0.000000 0.000000 0.000000 0.000000
957 410994.437500 190.364868 344.718811 122249.820312 0.000000 0.000000 0.000000 0.000000
958 410964.437500 188.769653 341.847504 122284.281250 0.000000 0.000000 0.000000 0.000000
959 410934.687500 187.186951 338.998535 122318.476562 0.000000 0.000000 0.000000 0.000000
960 410905.187500 185.616760 336.171692 122352.382812 0.000000 0.000000 0.000000 0.000000
961 410875.937500 184.058960 333.366913 122386.000000 0.000000 0.000000 0.000000 0.000000
962 410846.937500 182.513489 330.584015 122419.335938 0.000000 0.000000 0.000000 0.000000
963 410818.187500 180.980209 327.822845 122452.382812 0.000000 0.000000 0.000000 0.000000
964 410789.656250 179.459106 325.083282 122485.171875 0.000000 0.000000 0.000000 0.000000
965 410761.375000 177.950043 322.365173 122517.679688 0.000000 0.000000 0.000000 0.000000
966 410733.312500 176.452957 319.668365 122549.914062 0.000000 0.000000 0.000000 0.000000
967 410705.531250 174.967773 316.992706 122581.882812 0.000000 0.000000 0.000000 0.000000
968 410677.937500 173.494415 314.338074 122613.578125 0.000000 0.000000 0.000000 0.000000
969 410650.625000 172.032776 311.704346 122645.015625 0.000000 0.000000 0.000000 0.000000
970 410623.500000 170.582794 309.091370 122676.179688 0.000000 0.000000 0.000000 0.000000
971 410596.625000 169.144363 306.498962 122707.085938 0.000000 0.000000 0.000000 0.000000
972 410569.968750 167.717422 303.927032 122737.734375 0.000000 0.000000 0.000000 0.000000
973 410543.531250 166.301895 301.375427 122768.125000 0.000000 0.000000 0.000000 0.000000
974 410517.312500 164.897675 298.843994 122798.265625 0.000000 0.000000 0.000000 0.000000
975 410491.375000 163.504730 296.332611 122828.148438 0.000000 0.000000 0.000000 0.000000
976 410465.625000 162.122925 293.841125 122857.789062 0.000000 0.000000 0.000000 0.000000
977 410440.031250 160.752213 291.369415 122887.164062 0.000000 0.000000 0.000000 0.000000
978 410414.718750 159.392502 288.917328 122916.304688 0.000000 0.000000 0.000000 0.000000
979 410389.625000 158.043716 286.484741 122945.203125 0.000000 0.000000 0.000000 0.000000
980 410364.750000 156.705811 284.071533 122973.843750 0.000000 0.000000 0.000000 0.000000
981 410340.062500 155.378647 281.677551 123002.265625 0.000000 0.000000 0.000000 0.000000
982 410315.562500 154.062195 279.302643 123030.414062 0.000000 0.000000 0.000000 0.000000
983 410291.312500 152.756363 276.946716 123058.351562 0.000000 0.000000 0.000000 0.000000
984 410267.250000 151.461075 274.609589 123086.046875 0.000000 0.000000 0.000000 0.000000
985 410243.375000 150.176270 272.291168 123113.515625 0.000000 0.000000 0.000000 0.000000
986 410219.687500 148.901840 269.991302 123140.742188 0.000000 0.000000 0.000000 0.000000
987 410196.250000 147.637726 267.709869 123167.742188 0.000000 0.000000 0.000000 0.000000
988 410173.000000 146.383850 265.446747 123194.515625 0.000000 0.000000 0.000000 0.000000
989 410149.937500 145.140137 263.201813 123221.062500 0.000000 0.000000 0.000000 0.000000
990 410127.093750 143.906525 260.974884 123247.390625 0.000000 0.000000 0.000000 0.000000
991 410104.406250 142.682953 258.765900 123273.476562 0.000000 0.000000 0.000000 0.000000
992 410081.937500 141.469299 256.574646 123299.359375 0.000000 0.000000 0.000000 0.000000
993 410059.656250 140.265533 254.401123 123325.015625 0.000000 0.000000 0.000000 0.000000
994 410037.562500 139.071564 252.245071 123350.460938 0.000000 0.000000 0.000000 0.000000
995 410015.656250 137.887329 250.106445 123375.687500 0.000000 0.000000 0.000000 0.000000
996 409993.937500 136.712738 247.985092 123400.687500 0.000000 0.000000 0.000000 0.000000
997 409972.406250 135.547745 245.880920 123425.492188 0.000000 0.000000 0.000000 0.000000
998 409951.062500 134.392258 243.793732 123450.078125 0.000000 0.000000 0.000000 0.000000
999 409929.937500 133.246231 241.723465 123474.453125 0.000000 0.000000 0.000000 0.000000


